Q9BXE9	M1A	0.485	ambiguous
Q9BXE9	M1C	0.6233	pathogenic
Q9BXE9	M1D	0.8506	pathogenic
Q9BXE9	M1E	0.5707	pathogenic
Q9BXE9	M1F	0.3094	benign
Q9BXE9	M1G	0.6893	pathogenic
Q9BXE9	M1H	0.6925	pathogenic
Q9BXE9	M1I	0.5452	ambiguous
Q9BXE9	M1K	0.3935	ambiguous
Q9BXE9	M1L	0.1946	benign
Q9BXE9	M1N	0.6673	pathogenic
Q9BXE9	M1P	0.6539	pathogenic
Q9BXE9	M1Q	0.3637	ambiguous
Q9BXE9	M1R	0.3734	ambiguous
Q9BXE9	M1S	0.5752	pathogenic
Q9BXE9	M1T	0.4328	ambiguous
Q9BXE9	M1V	0.1291	benign
Q9BXE9	M1W	0.553	ambiguous
Q9BXE9	M1Y	0.6744	pathogenic
Q9BXE9	A2C	0.5611	ambiguous
Q9BXE9	A2D	0.1247	benign
Q9BXE9	A2E	0.1718	benign
Q9BXE9	A2F	0.248	benign
Q9BXE9	A2G	0.1139	benign
Q9BXE9	A2H	0.3928	ambiguous
Q9BXE9	A2I	0.3228	benign
Q9BXE9	A2K	0.371	ambiguous
Q9BXE9	A2L	0.2237	benign
Q9BXE9	A2M	0.4003	ambiguous
Q9BXE9	A2N	0.1933	benign
Q9BXE9	A2P	0.1126	benign
Q9BXE9	A2Q	0.2953	benign
Q9BXE9	A2R	0.2815	benign
Q9BXE9	A2S	0.1026	benign
Q9BXE9	A2T	0.1193	benign
Q9BXE9	A2V	0.1894	benign
Q9BXE9	A2W	0.6082	pathogenic
Q9BXE9	A2Y	0.3449	ambiguous
Q9BXE9	S3A	0.0807	benign
Q9BXE9	S3C	0.1416	benign
Q9BXE9	S3D	0.2392	benign
Q9BXE9	S3E	0.2762	benign
Q9BXE9	S3F	0.1849	benign
Q9BXE9	S3G	0.0936	benign
Q9BXE9	S3H	0.3139	benign
Q9BXE9	S3I	0.2166	benign
Q9BXE9	S3K	0.4531	ambiguous
Q9BXE9	S3L	0.1512	benign
Q9BXE9	S3M	0.2637	benign
Q9BXE9	S3N	0.169	benign
Q9BXE9	S3P	0.1076	benign
Q9BXE9	S3Q	0.3428	ambiguous
Q9BXE9	S3R	0.3484	ambiguous
Q9BXE9	S3T	0.0947	benign
Q9BXE9	S3V	0.1921	benign
Q9BXE9	S3W	0.2008	benign
Q9BXE9	S3Y	0.1656	benign
Q9BXE9	K4A	0.143	benign
Q9BXE9	K4C	0.5016	ambiguous
Q9BXE9	K4D	0.2251	benign
Q9BXE9	K4E	0.0784	benign
Q9BXE9	K4F	0.4163	ambiguous
Q9BXE9	K4G	0.108	benign
Q9BXE9	K4H	0.2369	benign
Q9BXE9	K4I	0.2043	benign
Q9BXE9	K4L	0.2042	benign
Q9BXE9	K4M	0.1626	benign
Q9BXE9	K4N	0.2133	benign
Q9BXE9	K4P	0.2588	benign
Q9BXE9	K4Q	0.095	benign
Q9BXE9	K4R	0.0506	benign
Q9BXE9	K4S	0.1525	benign
Q9BXE9	K4T	0.0981	benign
Q9BXE9	K4V	0.1777	benign
Q9BXE9	K4W	0.3359	benign
Q9BXE9	K4Y	0.3293	benign
Q9BXE9	D5A	0.179	benign
Q9BXE9	D5C	0.5872	pathogenic
Q9BXE9	D5E	0.2359	benign
Q9BXE9	D5F	0.4441	ambiguous
Q9BXE9	D5G	0.1718	benign
Q9BXE9	D5H	0.2611	benign
Q9BXE9	D5I	0.2541	benign
Q9BXE9	D5K	0.3938	ambiguous
Q9BXE9	D5L	0.3588	ambiguous
Q9BXE9	D5M	0.6371	pathogenic
Q9BXE9	D5N	0.1453	benign
Q9BXE9	D5P	0.5203	ambiguous
Q9BXE9	D5Q	0.3652	ambiguous
Q9BXE9	D5R	0.3438	ambiguous
Q9BXE9	D5S	0.1992	benign
Q9BXE9	D5T	0.2623	benign
Q9BXE9	D5V	0.1508	benign
Q9BXE9	D5W	0.7457	pathogenic
Q9BXE9	D5Y	0.1237	benign
Q9BXE9	F6A	0.1381	benign
Q9BXE9	F6C	0.16	benign
Q9BXE9	F6D	0.2376	benign
Q9BXE9	F6E	0.3219	benign
Q9BXE9	F6G	0.2739	benign
Q9BXE9	F6H	0.304	benign
Q9BXE9	F6I	0.0679	benign
Q9BXE9	F6K	0.3368	benign
Q9BXE9	F6L	0.261	benign
Q9BXE9	F6M	0.1724	benign
Q9BXE9	F6N	0.2437	benign
Q9BXE9	F6P	0.505	ambiguous
Q9BXE9	F6Q	0.3383	benign
Q9BXE9	F6R	0.2458	benign
Q9BXE9	F6S	0.1219	benign
Q9BXE9	F6T	0.1241	benign
Q9BXE9	F6V	0.0636	benign
Q9BXE9	F6W	0.2192	benign
Q9BXE9	F6Y	0.1242	benign
Q9BXE9	A7C	0.3997	ambiguous
Q9BXE9	A7D	0.3073	benign
Q9BXE9	A7E	0.3123	benign
Q9BXE9	A7F	0.2609	benign
Q9BXE9	A7G	0.1488	benign
Q9BXE9	A7H	0.4454	ambiguous
Q9BXE9	A7I	0.1993	benign
Q9BXE9	A7K	0.4655	ambiguous
Q9BXE9	A7L	0.1641	benign
Q9BXE9	A7M	0.2901	benign
Q9BXE9	A7N	0.3317	benign
Q9BXE9	A7P	0.1635	benign
Q9BXE9	A7Q	0.3608	ambiguous
Q9BXE9	A7R	0.34	ambiguous
Q9BXE9	A7S	0.114	benign
Q9BXE9	A7T	0.0936	benign
Q9BXE9	A7V	0.1205	benign
Q9BXE9	A7W	0.5568	ambiguous
Q9BXE9	A7Y	0.4042	ambiguous
Q9BXE9	I8A	0.1152	benign
Q9BXE9	I8C	0.5955	pathogenic
Q9BXE9	I8D	0.4996	ambiguous
Q9BXE9	I8E	0.3788	ambiguous
Q9BXE9	I8F	0.1011	benign
Q9BXE9	I8G	0.3683	ambiguous
Q9BXE9	I8H	0.4441	ambiguous
Q9BXE9	I8K	0.2573	benign
Q9BXE9	I8L	0.1024	benign
Q9BXE9	I8M	0.0862	benign
Q9BXE9	I8N	0.2634	benign
Q9BXE9	I8P	0.3864	ambiguous
Q9BXE9	I8Q	0.3431	ambiguous
Q9BXE9	I8R	0.1641	benign
Q9BXE9	I8S	0.1569	benign
Q9BXE9	I8T	0.0655	benign
Q9BXE9	I8V	0.0743	benign
Q9BXE9	I8W	0.4468	ambiguous
Q9BXE9	I8Y	0.3943	ambiguous
Q9BXE9	G9A	0.1267	benign
Q9BXE9	G9C	0.2679	benign
Q9BXE9	G9D	0.3708	ambiguous
Q9BXE9	G9E	0.2587	benign
Q9BXE9	G9F	0.557	ambiguous
Q9BXE9	G9H	0.5501	ambiguous
Q9BXE9	G9I	0.3178	benign
Q9BXE9	G9K	0.4737	ambiguous
Q9BXE9	G9L	0.4501	ambiguous
Q9BXE9	G9M	0.5429	ambiguous
Q9BXE9	G9N	0.5538	ambiguous
Q9BXE9	G9P	0.7155	pathogenic
Q9BXE9	G9Q	0.3892	ambiguous
Q9BXE9	G9R	0.2773	benign
Q9BXE9	G9S	0.1549	benign
Q9BXE9	G9T	0.2264	benign
Q9BXE9	G9V	0.2078	benign
Q9BXE9	G9W	0.3573	ambiguous
Q9BXE9	G9Y	0.4903	ambiguous
Q9BXE9	M10A	0.3162	benign
Q9BXE9	M10C	0.578	pathogenic
Q9BXE9	M10D	0.7098	pathogenic
Q9BXE9	M10E	0.4739	ambiguous
Q9BXE9	M10F	0.2526	benign
Q9BXE9	M10G	0.4038	ambiguous
Q9BXE9	M10H	0.6085	pathogenic
Q9BXE9	M10I	0.2449	benign
Q9BXE9	M10K	0.2859	benign
Q9BXE9	M10L	0.1276	benign
Q9BXE9	M10N	0.4035	ambiguous
Q9BXE9	M10P	0.7175	pathogenic
Q9BXE9	M10Q	0.3621	ambiguous
Q9BXE9	M10R	0.2737	benign
Q9BXE9	M10S	0.3365	benign
Q9BXE9	M10T	0.1605	benign
Q9BXE9	M10V	0.083	benign
Q9BXE9	M10W	0.5328	ambiguous
Q9BXE9	M10Y	0.5629	ambiguous
Q9BXE9	I11A	0.3691	ambiguous
Q9BXE9	I11C	0.5476	ambiguous
Q9BXE9	I11D	0.646	pathogenic
Q9BXE9	I11E	0.6668	pathogenic
Q9BXE9	I11F	0.1174	benign
Q9BXE9	I11G	0.4877	ambiguous
Q9BXE9	I11H	0.5019	ambiguous
Q9BXE9	I11K	0.5072	ambiguous
Q9BXE9	I11L	0.0939	benign
Q9BXE9	I11M	0.1194	benign
Q9BXE9	I11N	0.2361	benign
Q9BXE9	I11P	0.5793	pathogenic
Q9BXE9	I11Q	0.548	ambiguous
Q9BXE9	I11R	0.3888	ambiguous
Q9BXE9	I11S	0.2705	benign
Q9BXE9	I11T	0.2962	benign
Q9BXE9	I11V	0.1213	benign
Q9BXE9	I11W	0.6196	pathogenic
Q9BXE9	I11Y	0.3767	ambiguous
Q9BXE9	L12A	0.2733	benign
Q9BXE9	L12C	0.2781	benign
Q9BXE9	L12D	0.5419	ambiguous
Q9BXE9	L12E	0.4523	ambiguous
Q9BXE9	L12F	0.0527	benign
Q9BXE9	L12G	0.3838	ambiguous
Q9BXE9	L12H	0.1822	benign
Q9BXE9	L12I	0.0889	benign
Q9BXE9	L12K	0.367	ambiguous
Q9BXE9	L12M	0.1544	benign
Q9BXE9	L12N	0.3072	benign
Q9BXE9	L12P	0.2405	benign
Q9BXE9	L12Q	0.2129	benign
Q9BXE9	L12R	0.2248	benign
Q9BXE9	L12S	0.2275	benign
Q9BXE9	L12T	0.2409	benign
Q9BXE9	L12V	0.101	benign
Q9BXE9	L12W	0.1624	benign
Q9BXE9	L12Y	0.1723	benign
Q9BXE9	L13A	0.2416	benign
Q9BXE9	L13C	0.3977	ambiguous
Q9BXE9	L13D	0.6648	pathogenic
Q9BXE9	L13E	0.5056	ambiguous
Q9BXE9	L13F	0.1049	benign
Q9BXE9	L13G	0.3876	ambiguous
Q9BXE9	L13H	0.3034	benign
Q9BXE9	L13I	0.1196	benign
Q9BXE9	L13K	0.4397	ambiguous
Q9BXE9	L13M	0.1723	benign
Q9BXE9	L13N	0.4426	ambiguous
Q9BXE9	L13P	0.2387	benign
Q9BXE9	L13Q	0.2657	benign
Q9BXE9	L13R	0.3157	benign
Q9BXE9	L13S	0.2355	benign
Q9BXE9	L13T	0.2389	benign
Q9BXE9	L13V	0.1241	benign
Q9BXE9	L13W	0.2285	benign
Q9BXE9	L13Y	0.3593	ambiguous
Q9BXE9	S14A	0.0968	benign
Q9BXE9	S14C	0.0837	benign
Q9BXE9	S14D	0.5996	pathogenic
Q9BXE9	S14E	0.6459	pathogenic
Q9BXE9	S14F	0.143	benign
Q9BXE9	S14G	0.1073	benign
Q9BXE9	S14H	0.4627	ambiguous
Q9BXE9	S14I	0.1551	benign
Q9BXE9	S14K	0.8064	pathogenic
Q9BXE9	S14L	0.1116	benign
Q9BXE9	S14M	0.2221	benign
Q9BXE9	S14N	0.3202	benign
Q9BXE9	S14P	0.1441	benign
Q9BXE9	S14Q	0.5881	pathogenic
Q9BXE9	S14R	0.7247	pathogenic
Q9BXE9	S14T	0.1029	benign
Q9BXE9	S14V	0.1675	benign
Q9BXE9	S14W	0.182	benign
Q9BXE9	S14Y	0.1925	benign
Q9BXE9	Q15A	0.3747	ambiguous
Q9BXE9	Q15C	0.7719	pathogenic
Q9BXE9	Q15D	0.6852	pathogenic
Q9BXE9	Q15E	0.1083	benign
Q9BXE9	Q15F	0.7435	pathogenic
Q9BXE9	Q15G	0.3689	ambiguous
Q9BXE9	Q15H	0.5027	ambiguous
Q9BXE9	Q15I	0.4291	ambiguous
Q9BXE9	Q15K	0.2165	benign
Q9BXE9	Q15L	0.208	benign
Q9BXE9	Q15M	0.4459	ambiguous
Q9BXE9	Q15N	0.5113	ambiguous
Q9BXE9	Q15P	0.2147	benign
Q9BXE9	Q15R	0.2318	benign
Q9BXE9	Q15S	0.4347	ambiguous
Q9BXE9	Q15T	0.3681	ambiguous
Q9BXE9	Q15V	0.321	benign
Q9BXE9	Q15W	0.6916	pathogenic
Q9BXE9	Q15Y	0.7104	pathogenic
Q9BXE9	I16A	0.2575	benign
Q9BXE9	I16C	0.5156	ambiguous
Q9BXE9	I16D	0.4288	ambiguous
Q9BXE9	I16E	0.4252	ambiguous
Q9BXE9	I16F	0.1391	benign
Q9BXE9	I16G	0.4065	ambiguous
Q9BXE9	I16H	0.4101	ambiguous
Q9BXE9	I16K	0.3704	ambiguous
Q9BXE9	I16L	0.1233	benign
Q9BXE9	I16M	0.0795	benign
Q9BXE9	I16N	0.1149	benign
Q9BXE9	I16P	0.5829	pathogenic
Q9BXE9	I16Q	0.3779	ambiguous
Q9BXE9	I16R	0.2763	benign
Q9BXE9	I16S	0.1505	benign
Q9BXE9	I16T	0.1183	benign
Q9BXE9	I16V	0.1049	benign
Q9BXE9	I16W	0.5988	pathogenic
Q9BXE9	I16Y	0.3793	ambiguous
Q9BXE9	M17A	0.128	benign
Q9BXE9	M17C	0.4633	ambiguous
Q9BXE9	M17D	0.6619	pathogenic
Q9BXE9	M17E	0.4789	ambiguous
Q9BXE9	M17F	0.1896	benign
Q9BXE9	M17G	0.264	benign
Q9BXE9	M17H	0.5523	ambiguous
Q9BXE9	M17I	0.1378	benign
Q9BXE9	M17K	0.3215	benign
Q9BXE9	M17L	0.0948	benign
Q9BXE9	M17N	0.3702	ambiguous
Q9BXE9	M17P	0.2772	benign
Q9BXE9	M17Q	0.3625	ambiguous
Q9BXE9	M17R	0.2968	benign
Q9BXE9	M17S	0.1803	benign
Q9BXE9	M17T	0.061	benign
Q9BXE9	M17V	0.0649	benign
Q9BXE9	M17W	0.5139	ambiguous
Q9BXE9	M17Y	0.5578	ambiguous
Q9BXE9	V18A	0.087	benign
Q9BXE9	V18C	0.5571	ambiguous
Q9BXE9	V18D	0.3569	ambiguous
Q9BXE9	V18E	0.3723	ambiguous
Q9BXE9	V18F	0.1142	benign
Q9BXE9	V18G	0.1289	benign
Q9BXE9	V18H	0.5657	pathogenic
Q9BXE9	V18I	0.102	benign
Q9BXE9	V18K	0.451	ambiguous
Q9BXE9	V18L	0.1354	benign
Q9BXE9	V18M	0.1688	benign
Q9BXE9	V18N	0.3758	ambiguous
Q9BXE9	V18P	0.3009	benign
Q9BXE9	V18Q	0.4151	ambiguous
Q9BXE9	V18R	0.3334	benign
Q9BXE9	V18S	0.1944	benign
Q9BXE9	V18T	0.128	benign
Q9BXE9	V18W	0.5163	ambiguous
Q9BXE9	V18Y	0.4851	ambiguous
Q9BXE9	G19A	0.2196	benign
Q9BXE9	G19C	0.3217	benign
Q9BXE9	G19D	0.4754	ambiguous
Q9BXE9	G19E	0.4849	ambiguous
Q9BXE9	G19F	0.6981	pathogenic
Q9BXE9	G19H	0.7376	pathogenic
Q9BXE9	G19I	0.4034	ambiguous
Q9BXE9	G19K	0.7813	pathogenic
Q9BXE9	G19L	0.6429	pathogenic
Q9BXE9	G19M	0.7495	pathogenic
Q9BXE9	G19N	0.7296	pathogenic
Q9BXE9	G19P	0.8315	pathogenic
Q9BXE9	G19Q	0.6652	pathogenic
Q9BXE9	G19R	0.5273	ambiguous
Q9BXE9	G19S	0.2161	benign
Q9BXE9	G19T	0.4091	ambiguous
Q9BXE9	G19V	0.2706	benign
Q9BXE9	G19W	0.4813	ambiguous
Q9BXE9	G19Y	0.6209	pathogenic
Q9BXE9	F20A	0.2233	benign
Q9BXE9	F20C	0.1162	benign
Q9BXE9	F20D	0.4676	ambiguous
Q9BXE9	F20E	0.6552	pathogenic
Q9BXE9	F20G	0.3309	benign
Q9BXE9	F20H	0.53	ambiguous
Q9BXE9	F20I	0.0618	benign
Q9BXE9	F20K	0.6866	pathogenic
Q9BXE9	F20L	0.3787	ambiguous
Q9BXE9	F20M	0.2463	benign
Q9BXE9	F20N	0.3152	benign
Q9BXE9	F20P	0.7389	pathogenic
Q9BXE9	F20Q	0.6232	pathogenic
Q9BXE9	F20R	0.595	pathogenic
Q9BXE9	F20S	0.1474	benign
Q9BXE9	F20T	0.1888	benign
Q9BXE9	F20V	0.0782	benign
Q9BXE9	F20W	0.3669	ambiguous
Q9BXE9	F20Y	0.1905	benign
Q9BXE9	L21A	0.1541	benign
Q9BXE9	L21C	0.3657	ambiguous
Q9BXE9	L21D	0.6828	pathogenic
Q9BXE9	L21E	0.4333	ambiguous
Q9BXE9	L21F	0.117	benign
Q9BXE9	L21G	0.3279	benign
Q9BXE9	L21H	0.259	benign
Q9BXE9	L21I	0.1273	benign
Q9BXE9	L21K	0.3665	ambiguous
Q9BXE9	L21M	0.1315	benign
Q9BXE9	L21N	0.4713	ambiguous
Q9BXE9	L21P	0.1663	benign
Q9BXE9	L21Q	0.1922	benign
Q9BXE9	L21R	0.2338	benign
Q9BXE9	L21S	0.1536	benign
Q9BXE9	L21T	0.1224	benign
Q9BXE9	L21V	0.1116	benign
Q9BXE9	L21W	0.1446	benign
Q9BXE9	L21Y	0.4017	ambiguous
Q9BXE9	G22A	0.2212	benign
Q9BXE9	G22C	0.3391	benign
Q9BXE9	G22D	0.51	ambiguous
Q9BXE9	G22E	0.3689	ambiguous
Q9BXE9	G22F	0.7218	pathogenic
Q9BXE9	G22H	0.7428	pathogenic
Q9BXE9	G22I	0.5051	ambiguous
Q9BXE9	G22K	0.6692	pathogenic
Q9BXE9	G22L	0.5642	pathogenic
Q9BXE9	G22M	0.6897	pathogenic
Q9BXE9	G22N	0.7289	pathogenic
Q9BXE9	G22P	0.7993	pathogenic
Q9BXE9	G22Q	0.5384	ambiguous
Q9BXE9	G22R	0.4519	ambiguous
Q9BXE9	G22S	0.258	benign
Q9BXE9	G22T	0.4352	ambiguous
Q9BXE9	G22V	0.3167	benign
Q9BXE9	G22W	0.4592	ambiguous
Q9BXE9	G22Y	0.6791	pathogenic
Q9BXE9	N23A	0.6578	pathogenic
Q9BXE9	N23C	0.5198	ambiguous
Q9BXE9	N23D	0.4217	ambiguous
Q9BXE9	N23E	0.8031	pathogenic
Q9BXE9	N23F	0.7508	pathogenic
Q9BXE9	N23G	0.6663	pathogenic
Q9BXE9	N23H	0.3292	benign
Q9BXE9	N23I	0.2835	benign
Q9BXE9	N23K	0.6249	pathogenic
Q9BXE9	N23L	0.5051	ambiguous
Q9BXE9	N23M	0.6103	pathogenic
Q9BXE9	N23P	0.7467	pathogenic
Q9BXE9	N23Q	0.7648	pathogenic
Q9BXE9	N23R	0.6442	pathogenic
Q9BXE9	N23S	0.2258	benign
Q9BXE9	N23T	0.3748	ambiguous
Q9BXE9	N23V	0.4278	ambiguous
Q9BXE9	N23W	0.868	pathogenic
Q9BXE9	N23Y	0.3083	benign
Q9BXE9	F24A	0.1578	benign
Q9BXE9	F24C	0.076	benign
Q9BXE9	F24D	0.4274	ambiguous
Q9BXE9	F24E	0.6649	pathogenic
Q9BXE9	F24G	0.2619	benign
Q9BXE9	F24H	0.4118	ambiguous
Q9BXE9	F24I	0.0565	benign
Q9BXE9	F24K	0.6362	pathogenic
Q9BXE9	F24L	0.3826	ambiguous
Q9BXE9	F24M	0.234	benign
Q9BXE9	F24N	0.2664	benign
Q9BXE9	F24P	0.7139	pathogenic
Q9BXE9	F24Q	0.5675	pathogenic
Q9BXE9	F24R	0.4615	ambiguous
Q9BXE9	F24S	0.1032	benign
Q9BXE9	F24T	0.1369	benign
Q9BXE9	F24V	0.0644	benign
Q9BXE9	F24W	0.2962	benign
Q9BXE9	F24Y	0.1185	benign
Q9BXE9	F25A	0.2202	benign
Q9BXE9	F25C	0.1146	benign
Q9BXE9	F25D	0.4744	ambiguous
Q9BXE9	F25E	0.6783	pathogenic
Q9BXE9	F25G	0.352	ambiguous
Q9BXE9	F25H	0.3498	ambiguous
Q9BXE9	F25I	0.0893	benign
Q9BXE9	F25K	0.6331	pathogenic
Q9BXE9	F25L	0.4101	ambiguous
Q9BXE9	F25M	0.3425	ambiguous
Q9BXE9	F25N	0.3356	benign
Q9BXE9	F25P	0.5397	ambiguous
Q9BXE9	F25Q	0.5074	ambiguous
Q9BXE9	F25R	0.428	ambiguous
Q9BXE9	F25S	0.1109	benign
Q9BXE9	F25T	0.2122	benign
Q9BXE9	F25V	0.1019	benign
Q9BXE9	F25W	0.3116	benign
Q9BXE9	F25Y	0.137	benign
Q9BXE9	L26A	0.4819	ambiguous
Q9BXE9	L26C	0.5504	ambiguous
Q9BXE9	L26D	0.7816	pathogenic
Q9BXE9	L26E	0.6572	pathogenic
Q9BXE9	L26F	0.1511	benign
Q9BXE9	L26G	0.6556	pathogenic
Q9BXE9	L26H	0.3116	benign
Q9BXE9	L26I	0.1335	benign
Q9BXE9	L26K	0.542	ambiguous
Q9BXE9	L26M	0.2478	benign
Q9BXE9	L26N	0.5829	pathogenic
Q9BXE9	L26P	0.3097	benign
Q9BXE9	L26Q	0.323	benign
Q9BXE9	L26R	0.3261	benign
Q9BXE9	L26S	0.4416	ambiguous
Q9BXE9	L26T	0.4379	ambiguous
Q9BXE9	L26V	0.1535	benign
Q9BXE9	L26W	0.3271	benign
Q9BXE9	L26Y	0.471	ambiguous
Q9BXE9	L27A	0.3051	benign
Q9BXE9	L27C	0.3885	ambiguous
Q9BXE9	L27D	0.6735	pathogenic
Q9BXE9	L27E	0.5427	ambiguous
Q9BXE9	L27F	0.115	benign
Q9BXE9	L27G	0.4429	ambiguous
Q9BXE9	L27H	0.2553	benign
Q9BXE9	L27I	0.1183	benign
Q9BXE9	L27K	0.4321	ambiguous
Q9BXE9	L27M	0.1838	benign
Q9BXE9	L27N	0.4397	ambiguous
Q9BXE9	L27P	0.1976	benign
Q9BXE9	L27Q	0.2393	benign
Q9BXE9	L27R	0.2525	benign
Q9BXE9	L27S	0.3284	benign
Q9BXE9	L27T	0.2987	benign
Q9BXE9	L27V	0.1292	benign
Q9BXE9	L27W	0.1969	benign
Q9BXE9	L27Y	0.3629	ambiguous
Q9BXE9	Y28A	0.293	benign
Q9BXE9	Y28C	0.0741	benign
Q9BXE9	Y28D	0.2389	benign
Q9BXE9	Y28E	0.5278	ambiguous
Q9BXE9	Y28F	0.1133	benign
Q9BXE9	Y28G	0.1773	benign
Q9BXE9	Y28H	0.129	benign
Q9BXE9	Y28I	0.2946	benign
Q9BXE9	Y28K	0.4163	ambiguous
Q9BXE9	Y28L	0.2183	benign
Q9BXE9	Y28M	0.4793	ambiguous
Q9BXE9	Y28N	0.1596	benign
Q9BXE9	Y28P	0.4015	ambiguous
Q9BXE9	Y28Q	0.3008	benign
Q9BXE9	Y28R	0.2356	benign
Q9BXE9	Y28S	0.1171	benign
Q9BXE9	Y28T	0.2953	benign
Q9BXE9	Y28V	0.2694	benign
Q9BXE9	Y28W	0.216	benign
Q9BXE9	H29A	0.3105	benign
Q9BXE9	H29C	0.159	benign
Q9BXE9	H29D	0.1885	benign
Q9BXE9	H29E	0.3103	benign
Q9BXE9	H29F	0.3306	benign
Q9BXE9	H29G	0.2563	benign
Q9BXE9	H29I	0.2952	benign
Q9BXE9	H29K	0.2646	benign
Q9BXE9	H29L	0.1401	benign
Q9BXE9	H29M	0.5541	ambiguous
Q9BXE9	H29N	0.1414	benign
Q9BXE9	H29P	0.1331	benign
Q9BXE9	H29Q	0.185	benign
Q9BXE9	H29R	0.0901	benign
Q9BXE9	H29S	0.2165	benign
Q9BXE9	H29T	0.2795	benign
Q9BXE9	H29V	0.2704	benign
Q9BXE9	H29W	0.3183	benign
Q9BXE9	H29Y	0.092	benign
Q9BXE9	Y30A	0.343	ambiguous
Q9BXE9	Y30C	0.1034	benign
Q9BXE9	Y30D	0.1462	benign
Q9BXE9	Y30E	0.5226	ambiguous
Q9BXE9	Y30F	0.1226	benign
Q9BXE9	Y30G	0.2644	benign
Q9BXE9	Y30H	0.1699	benign
Q9BXE9	Y30I	0.35	ambiguous
Q9BXE9	Y30K	0.5221	ambiguous
Q9BXE9	Y30L	0.3116	benign
Q9BXE9	Y30M	0.549	ambiguous
Q9BXE9	Y30N	0.1372	benign
Q9BXE9	Y30P	0.5199	ambiguous
Q9BXE9	Y30Q	0.4141	ambiguous
Q9BXE9	Y30R	0.351	ambiguous
Q9BXE9	Y30S	0.1333	benign
Q9BXE9	Y30T	0.2789	benign
Q9BXE9	Y30V	0.2769	benign
Q9BXE9	Y30W	0.3844	ambiguous
Q9BXE9	S31A	0.1058	benign
Q9BXE9	S31C	0.0828	benign
Q9BXE9	S31D	0.4482	ambiguous
Q9BXE9	S31E	0.6445	pathogenic
Q9BXE9	S31F	0.1834	benign
Q9BXE9	S31G	0.0911	benign
Q9BXE9	S31H	0.3199	benign
Q9BXE9	S31I	0.119	benign
Q9BXE9	S31K	0.7394	pathogenic
Q9BXE9	S31L	0.1209	benign
Q9BXE9	S31M	0.2432	benign
Q9BXE9	S31N	0.2139	benign
Q9BXE9	S31P	0.1688	benign
Q9BXE9	S31Q	0.5534	ambiguous
Q9BXE9	S31R	0.568	pathogenic
Q9BXE9	S31T	0.0872	benign
Q9BXE9	S31V	0.1559	benign
Q9BXE9	S31W	0.1984	benign
Q9BXE9	S31Y	0.1654	benign
Q9BXE9	F32A	0.2252	benign
Q9BXE9	F32C	0.1315	benign
Q9BXE9	F32D	0.3499	ambiguous
Q9BXE9	F32E	0.5419	ambiguous
Q9BXE9	F32G	0.3657	ambiguous
Q9BXE9	F32H	0.2987	benign
Q9BXE9	F32I	0.0873	benign
Q9BXE9	F32K	0.4867	ambiguous
Q9BXE9	F32L	0.4801	ambiguous
Q9BXE9	F32M	0.3268	benign
Q9BXE9	F32N	0.2764	benign
Q9BXE9	F32P	0.583	pathogenic
Q9BXE9	F32Q	0.438	ambiguous
Q9BXE9	F32R	0.306	benign
Q9BXE9	F32S	0.1264	benign
Q9BXE9	F32T	0.2117	benign
Q9BXE9	F32V	0.0895	benign
Q9BXE9	F32W	0.3004	benign
Q9BXE9	F32Y	0.1204	benign
Q9BXE9	L33A	0.2219	benign
Q9BXE9	L33C	0.2968	benign
Q9BXE9	L33D	0.4051	ambiguous
Q9BXE9	L33E	0.3221	benign
Q9BXE9	L33F	0.0973	benign
Q9BXE9	L33G	0.344	ambiguous
Q9BXE9	L33H	0.1132	benign
Q9BXE9	L33I	0.0982	benign
Q9BXE9	L33K	0.2292	benign
Q9BXE9	L33M	0.1732	benign
Q9BXE9	L33N	0.2507	benign
Q9BXE9	L33P	0.1226	benign
Q9BXE9	L33Q	0.1245	benign
Q9BXE9	L33R	0.1145	benign
Q9BXE9	L33S	0.1697	benign
Q9BXE9	L33T	0.1898	benign
Q9BXE9	L33V	0.1015	benign
Q9BXE9	L33W	0.1439	benign
Q9BXE9	L33Y	0.2343	benign
Q9BXE9	C34A	0.1893	benign
Q9BXE9	C34D	0.1956	benign
Q9BXE9	C34E	0.3887	ambiguous
Q9BXE9	C34F	0.0986	benign
Q9BXE9	C34G	0.0908	benign
Q9BXE9	C34H	0.1438	benign
Q9BXE9	C34I	0.2216	benign
Q9BXE9	C34K	0.4082	ambiguous
Q9BXE9	C34L	0.1675	benign
Q9BXE9	C34M	0.4361	ambiguous
Q9BXE9	C34N	0.2	benign
Q9BXE9	C34P	0.2505	benign
Q9BXE9	C34Q	0.274	benign
Q9BXE9	C34R	0.1557	benign
Q9BXE9	C34S	0.1236	benign
Q9BXE9	C34T	0.2282	benign
Q9BXE9	C34V	0.2058	benign
Q9BXE9	C34W	0.1743	benign
Q9BXE9	C34Y	0.0801	benign
Q9BXE9	F35A	0.2613	benign
Q9BXE9	F35C	0.1288	benign
Q9BXE9	F35D	0.3491	ambiguous
Q9BXE9	F35E	0.5316	ambiguous
Q9BXE9	F35G	0.3647	ambiguous
Q9BXE9	F35H	0.2919	benign
Q9BXE9	F35I	0.1065	benign
Q9BXE9	F35K	0.4969	ambiguous
Q9BXE9	F35L	0.5196	ambiguous
Q9BXE9	F35M	0.3699	ambiguous
Q9BXE9	F35N	0.3116	benign
Q9BXE9	F35P	0.5584	ambiguous
Q9BXE9	F35Q	0.4325	ambiguous
Q9BXE9	F35R	0.2979	benign
Q9BXE9	F35S	0.1627	benign
Q9BXE9	F35T	0.2719	benign
Q9BXE9	F35V	0.1101	benign
Q9BXE9	F35W	0.2417	benign
Q9BXE9	F35Y	0.1251	benign
Q9BXE9	T36A	0.09	benign
Q9BXE9	T36C	0.2819	benign
Q9BXE9	T36D	0.2412	benign
Q9BXE9	T36E	0.217	benign
Q9BXE9	T36F	0.1789	benign
Q9BXE9	T36G	0.1701	benign
Q9BXE9	T36H	0.146	benign
Q9BXE9	T36I	0.1551	benign
Q9BXE9	T36K	0.1344	benign
Q9BXE9	T36L	0.1057	benign
Q9BXE9	T36M	0.1101	benign
Q9BXE9	T36N	0.1062	benign
Q9BXE9	T36P	0.0717	benign
Q9BXE9	T36Q	0.1372	benign
Q9BXE9	T36R	0.0845	benign
Q9BXE9	T36S	0.0901	benign
Q9BXE9	T36V	0.1686	benign
Q9BXE9	T36W	0.3122	benign
Q9BXE9	T36Y	0.1771	benign
Q9BXE9	R37A	0.1587	benign
Q9BXE9	R37C	0.1535	benign
Q9BXE9	R37D	0.2152	benign
Q9BXE9	R37E	0.1512	benign
Q9BXE9	R37F	0.3286	benign
Q9BXE9	R37G	0.072	benign
Q9BXE9	R37H	0.1003	benign
Q9BXE9	R37I	0.2094	benign
Q9BXE9	R37K	0.0987	benign
Q9BXE9	R37L	0.1615	benign
Q9BXE9	R37M	0.2001	benign
Q9BXE9	R37N	0.2498	benign
Q9BXE9	R37P	0.1767	benign
Q9BXE9	R37Q	0.0927	benign
Q9BXE9	R37S	0.1686	benign
Q9BXE9	R37T	0.1169	benign
Q9BXE9	R37V	0.2281	benign
Q9BXE9	R37W	0.1244	benign
Q9BXE9	R37Y	0.2508	benign
Q9BXE9	G38A	0.1099	benign
Q9BXE9	G38C	0.1198	benign
Q9BXE9	G38D	0.1068	benign
Q9BXE9	G38E	0.129	benign
Q9BXE9	G38F	0.2978	benign
Q9BXE9	G38H	0.1753	benign
Q9BXE9	G38I	0.1852	benign
Q9BXE9	G38K	0.2344	benign
Q9BXE9	G38L	0.2702	benign
Q9BXE9	G38M	0.3464	ambiguous
Q9BXE9	G38N	0.177	benign
Q9BXE9	G38P	0.3321	benign
Q9BXE9	G38Q	0.1992	benign
Q9BXE9	G38R	0.1455	benign
Q9BXE9	G38S	0.1	benign
Q9BXE9	G38T	0.1431	benign
Q9BXE9	G38V	0.1215	benign
Q9BXE9	G38W	0.1917	benign
Q9BXE9	G38Y	0.1583	benign
Q9BXE9	M39A	0.1585	benign
Q9BXE9	M39C	0.4377	ambiguous
Q9BXE9	M39D	0.3161	benign
Q9BXE9	M39E	0.1946	benign
Q9BXE9	M39F	0.1777	benign
Q9BXE9	M39G	0.245	benign
Q9BXE9	M39H	0.1927	benign
Q9BXE9	M39I	0.1492	benign
Q9BXE9	M39K	0.079	benign
Q9BXE9	M39L	0.0999	benign
Q9BXE9	M39N	0.169	benign
Q9BXE9	M39P	0.2051	benign
Q9BXE9	M39Q	0.1226	benign
Q9BXE9	M39R	0.0679	benign
Q9BXE9	M39S	0.167	benign
Q9BXE9	M39T	0.0933	benign
Q9BXE9	M39V	0.0694	benign
Q9BXE9	M39W	0.3216	benign
Q9BXE9	M39Y	0.2746	benign
Q9BXE9	L40A	0.223	benign
Q9BXE9	L40C	0.4239	ambiguous
Q9BXE9	L40D	0.4872	ambiguous
Q9BXE9	L40E	0.2688	benign
Q9BXE9	L40F	0.1208	benign
Q9BXE9	L40G	0.3455	ambiguous
Q9BXE9	L40H	0.1907	benign
Q9BXE9	L40I	0.1103	benign
Q9BXE9	L40K	0.2073	benign
Q9BXE9	L40M	0.1376	benign
Q9BXE9	L40N	0.3212	benign
Q9BXE9	L40P	0.0932	benign
Q9BXE9	L40Q	0.1276	benign
Q9BXE9	L40R	0.145	benign
Q9BXE9	L40S	0.221	benign
Q9BXE9	L40T	0.2088	benign
Q9BXE9	L40V	0.1033	benign
Q9BXE9	L40W	0.1658	benign
Q9BXE9	L40Y	0.3038	benign
Q9BXE9	Q41A	0.1705	benign
Q9BXE9	Q41C	0.2914	benign
Q9BXE9	Q41D	0.2948	benign
Q9BXE9	Q41E	0.1044	benign
Q9BXE9	Q41F	0.3953	ambiguous
Q9BXE9	Q41G	0.138	benign
Q9BXE9	Q41H	0.1368	benign
Q9BXE9	Q41I	0.2966	benign
Q9BXE9	Q41K	0.0864	benign
Q9BXE9	Q41L	0.1124	benign
Q9BXE9	Q41M	0.3173	benign
Q9BXE9	Q41N	0.2398	benign
Q9BXE9	Q41P	0.0805	benign
Q9BXE9	Q41R	0.0589	benign
Q9BXE9	Q41S	0.1706	benign
Q9BXE9	Q41T	0.1677	benign
Q9BXE9	Q41V	0.2094	benign
Q9BXE9	Q41W	0.1723	benign
Q9BXE9	Q41Y	0.2545	benign
Q9BXE9	S42A	0.0893	benign
Q9BXE9	S42C	0.0991	benign
Q9BXE9	S42D	0.2971	benign
Q9BXE9	S42E	0.3839	ambiguous
Q9BXE9	S42F	0.2004	benign
Q9BXE9	S42G	0.1116	benign
Q9BXE9	S42H	0.2315	benign
Q9BXE9	S42I	0.1909	benign
Q9BXE9	S42K	0.4983	ambiguous
Q9BXE9	S42L	0.1668	benign
Q9BXE9	S42M	0.2549	benign
Q9BXE9	S42N	0.1623	benign
Q9BXE9	S42P	0.0736	benign
Q9BXE9	S42Q	0.3783	ambiguous
Q9BXE9	S42R	0.4067	ambiguous
Q9BXE9	S42T	0.1022	benign
Q9BXE9	S42V	0.1957	benign
Q9BXE9	S42W	0.1836	benign
Q9BXE9	S42Y	0.1302	benign
Q9BXE9	T43A	0.0947	benign
Q9BXE9	T43C	0.4936	ambiguous
Q9BXE9	T43D	0.3657	ambiguous
Q9BXE9	T43E	0.2812	benign
Q9BXE9	T43F	0.3335	benign
Q9BXE9	T43G	0.2679	benign
Q9BXE9	T43H	0.2732	benign
Q9BXE9	T43I	0.1807	benign
Q9BXE9	T43K	0.1518	benign
Q9BXE9	T43L	0.1478	benign
Q9BXE9	T43M	0.1132	benign
Q9BXE9	T43N	0.1733	benign
Q9BXE9	T43P	0.0921	benign
Q9BXE9	T43Q	0.2179	benign
Q9BXE9	T43R	0.1033	benign
Q9BXE9	T43S	0.1521	benign
Q9BXE9	T43V	0.177	benign
Q9BXE9	T43W	0.5202	ambiguous
Q9BXE9	T43Y	0.3347	benign
Q9BXE9	D44A	0.2675	benign
Q9BXE9	D44C	0.6336	pathogenic
Q9BXE9	D44E	0.3856	ambiguous
Q9BXE9	D44F	0.6069	pathogenic
Q9BXE9	D44G	0.2567	benign
Q9BXE9	D44H	0.2765	benign
Q9BXE9	D44I	0.4109	ambiguous
Q9BXE9	D44K	0.5193	ambiguous
Q9BXE9	D44L	0.461	ambiguous
Q9BXE9	D44M	0.7386	pathogenic
Q9BXE9	D44N	0.1901	benign
Q9BXE9	D44P	0.6111	pathogenic
Q9BXE9	D44Q	0.5033	ambiguous
Q9BXE9	D44R	0.4458	ambiguous
Q9BXE9	D44S	0.2332	benign
Q9BXE9	D44T	0.4174	ambiguous
Q9BXE9	D44V	0.2475	benign
Q9BXE9	D44W	0.8302	pathogenic
Q9BXE9	D44Y	0.2088	benign
Q9BXE9	L45A	0.214	benign
Q9BXE9	L45C	0.3607	ambiguous
Q9BXE9	L45D	0.4104	ambiguous
Q9BXE9	L45E	0.2702	benign
Q9BXE9	L45F	0.1201	benign
Q9BXE9	L45G	0.3643	ambiguous
Q9BXE9	L45H	0.1663	benign
Q9BXE9	L45I	0.0865	benign
Q9BXE9	L45K	0.2051	benign
Q9BXE9	L45M	0.1066	benign
Q9BXE9	L45N	0.2666	benign
Q9BXE9	L45P	0.308	benign
Q9BXE9	L45Q	0.1352	benign
Q9BXE9	L45R	0.1336	benign
Q9BXE9	L45S	0.2327	benign
Q9BXE9	L45T	0.1704	benign
Q9BXE9	L45V	0.0806	benign
Q9BXE9	L45W	0.1494	benign
Q9BXE9	L45Y	0.256	benign
Q9BXE9	I46A	0.607	pathogenic
Q9BXE9	I46C	0.7651	pathogenic
Q9BXE9	I46D	0.7546	pathogenic
Q9BXE9	I46E	0.7575	pathogenic
Q9BXE9	I46F	0.1725	benign
Q9BXE9	I46G	0.7779	pathogenic
Q9BXE9	I46H	0.4828	ambiguous
Q9BXE9	I46K	0.5476	ambiguous
Q9BXE9	I46L	0.1415	benign
Q9BXE9	I46M	0.1884	benign
Q9BXE9	I46N	0.3053	benign
Q9BXE9	I46P	0.6033	pathogenic
Q9BXE9	I46Q	0.5466	ambiguous
Q9BXE9	I46R	0.4002	ambiguous
Q9BXE9	I46S	0.4052	ambiguous
Q9BXE9	I46T	0.4879	ambiguous
Q9BXE9	I46V	0.227	benign
Q9BXE9	I46W	0.7508	pathogenic
Q9BXE9	I46Y	0.4767	ambiguous
Q9BXE9	L47A	0.4023	ambiguous
Q9BXE9	L47C	0.4976	ambiguous
Q9BXE9	L47D	0.7718	pathogenic
Q9BXE9	L47E	0.4956	ambiguous
Q9BXE9	L47F	0.169	benign
Q9BXE9	L47G	0.5647	pathogenic
Q9BXE9	L47H	0.2989	benign
Q9BXE9	L47I	0.1171	benign
Q9BXE9	L47K	0.3656	ambiguous
Q9BXE9	L47M	0.1812	benign
Q9BXE9	L47N	0.5143	ambiguous
Q9BXE9	L47P	0.3594	ambiguous
Q9BXE9	L47Q	0.2054	benign
Q9BXE9	L47R	0.2189	benign
Q9BXE9	L47S	0.4189	ambiguous
Q9BXE9	L47T	0.3325	benign
Q9BXE9	L47V	0.1174	benign
Q9BXE9	L47W	0.2352	benign
Q9BXE9	L47Y	0.4601	ambiguous
Q9BXE9	K48A	0.3454	ambiguous
Q9BXE9	K48C	0.5089	ambiguous
Q9BXE9	K48D	0.6141	pathogenic
Q9BXE9	K48E	0.1843	benign
Q9BXE9	K48F	0.5728	pathogenic
Q9BXE9	K48G	0.3564	ambiguous
Q9BXE9	K48H	0.2921	benign
Q9BXE9	K48I	0.2638	benign
Q9BXE9	K48L	0.2435	benign
Q9BXE9	K48M	0.1809	benign
Q9BXE9	K48N	0.3997	ambiguous
Q9BXE9	K48P	0.607	pathogenic
Q9BXE9	K48Q	0.1114	benign
Q9BXE9	K48R	0.0802	benign
Q9BXE9	K48S	0.3777	ambiguous
Q9BXE9	K48T	0.163	benign
Q9BXE9	K48V	0.2925	benign
Q9BXE9	K48W	0.5393	ambiguous
Q9BXE9	K48Y	0.4098	ambiguous
Q9BXE9	H49A	0.534	ambiguous
Q9BXE9	H49C	0.3698	ambiguous
Q9BXE9	H49D	0.3054	benign
Q9BXE9	H49E	0.5096	ambiguous
Q9BXE9	H49F	0.5042	ambiguous
Q9BXE9	H49G	0.5173	ambiguous
Q9BXE9	H49I	0.4432	ambiguous
Q9BXE9	H49K	0.5669	pathogenic
Q9BXE9	H49L	0.2221	benign
Q9BXE9	H49M	0.6351	pathogenic
Q9BXE9	H49N	0.1192	benign
Q9BXE9	H49P	0.171	benign
Q9BXE9	H49Q	0.3546	ambiguous
Q9BXE9	H49R	0.3416	ambiguous
Q9BXE9	H49S	0.3604	ambiguous
Q9BXE9	H49T	0.4332	ambiguous
Q9BXE9	H49V	0.4503	ambiguous
Q9BXE9	H49W	0.5903	pathogenic
Q9BXE9	H49Y	0.1637	benign
Q9BXE9	L50A	0.4479	ambiguous
Q9BXE9	L50C	0.6142	pathogenic
Q9BXE9	L50D	0.7984	pathogenic
Q9BXE9	L50E	0.4923	ambiguous
Q9BXE9	L50F	0.2193	benign
Q9BXE9	L50G	0.6788	pathogenic
Q9BXE9	L50H	0.3427	ambiguous
Q9BXE9	L50I	0.1345	benign
Q9BXE9	L50K	0.3556	ambiguous
Q9BXE9	L50M	0.1427	benign
Q9BXE9	L50N	0.577	pathogenic
Q9BXE9	L50P	0.4775	ambiguous
Q9BXE9	L50Q	0.2101	benign
Q9BXE9	L50R	0.2614	benign
Q9BXE9	L50S	0.5008	ambiguous
Q9BXE9	L50T	0.3667	ambiguous
Q9BXE9	L50V	0.1302	benign
Q9BXE9	L50W	0.3687	ambiguous
Q9BXE9	L50Y	0.5417	ambiguous
Q9BXE9	T51A	0.1049	benign
Q9BXE9	T51C	0.3857	ambiguous
Q9BXE9	T51D	0.5133	ambiguous
Q9BXE9	T51E	0.5515	ambiguous
Q9BXE9	T51F	0.2308	benign
Q9BXE9	T51G	0.3239	benign
Q9BXE9	T51H	0.3484	ambiguous
Q9BXE9	T51I	0.1409	benign
Q9BXE9	T51K	0.4524	ambiguous
Q9BXE9	T51L	0.1126	benign
Q9BXE9	T51M	0.1024	benign
Q9BXE9	T51N	0.1785	benign
Q9BXE9	T51P	0.172	benign
Q9BXE9	T51Q	0.4077	ambiguous
Q9BXE9	T51R	0.3194	benign
Q9BXE9	T51S	0.1789	benign
Q9BXE9	T51V	0.1678	benign
Q9BXE9	T51W	0.581	pathogenic
Q9BXE9	T51Y	0.321	benign
Q9BXE9	I52A	0.1537	benign
Q9BXE9	I52C	0.5591	ambiguous
Q9BXE9	I52D	0.6378	pathogenic
Q9BXE9	I52E	0.557	ambiguous
Q9BXE9	I52F	0.1228	benign
Q9BXE9	I52G	0.4244	ambiguous
Q9BXE9	I52H	0.5483	ambiguous
Q9BXE9	I52K	0.4609	ambiguous
Q9BXE9	I52L	0.1034	benign
Q9BXE9	I52M	0.0915	benign
Q9BXE9	I52N	0.3161	benign
Q9BXE9	I52P	0.5344	ambiguous
Q9BXE9	I52Q	0.5038	ambiguous
Q9BXE9	I52R	0.3281	benign
Q9BXE9	I52S	0.2174	benign
Q9BXE9	I52T	0.1016	benign
Q9BXE9	I52V	0.059	benign
Q9BXE9	I52W	0.591	pathogenic
Q9BXE9	I52Y	0.473	ambiguous
Q9BXE9	A53C	0.5922	pathogenic
Q9BXE9	A53D	0.5329	ambiguous
Q9BXE9	A53E	0.5786	pathogenic
Q9BXE9	A53F	0.6959	pathogenic
Q9BXE9	A53G	0.1663	benign
Q9BXE9	A53H	0.7989	pathogenic
Q9BXE9	A53I	0.6415	pathogenic
Q9BXE9	A53K	0.7841	pathogenic
Q9BXE9	A53L	0.5356	ambiguous
Q9BXE9	A53M	0.6383	pathogenic
Q9BXE9	A53N	0.6324	pathogenic
Q9BXE9	A53P	0.4014	ambiguous
Q9BXE9	A53Q	0.6267	pathogenic
Q9BXE9	A53R	0.6054	pathogenic
Q9BXE9	A53S	0.1293	benign
Q9BXE9	A53T	0.1722	benign
Q9BXE9	A53V	0.3391	benign
Q9BXE9	A53W	0.8828	pathogenic
Q9BXE9	A53Y	0.7914	pathogenic
Q9BXE9	N54A	0.5018	ambiguous
Q9BXE9	N54C	0.4743	ambiguous
Q9BXE9	N54D	0.3034	benign
Q9BXE9	N54E	0.7504	pathogenic
Q9BXE9	N54F	0.7318	pathogenic
Q9BXE9	N54G	0.5127	ambiguous
Q9BXE9	N54H	0.2297	benign
Q9BXE9	N54I	0.3742	ambiguous
Q9BXE9	N54K	0.5877	pathogenic
Q9BXE9	N54L	0.4459	ambiguous
Q9BXE9	N54M	0.6005	pathogenic
Q9BXE9	N54P	0.6438	pathogenic
Q9BXE9	N54Q	0.6757	pathogenic
Q9BXE9	N54R	0.5846	pathogenic
Q9BXE9	N54S	0.1342	benign
Q9BXE9	N54T	0.3234	benign
Q9BXE9	N54V	0.4081	ambiguous
Q9BXE9	N54W	0.8701	pathogenic
Q9BXE9	N54Y	0.2912	benign
Q9BXE9	S55A	0.1072	benign
Q9BXE9	S55C	0.0857	benign
Q9BXE9	S55D	0.6301	pathogenic
Q9BXE9	S55E	0.7851	pathogenic
Q9BXE9	S55F	0.1673	benign
Q9BXE9	S55G	0.1375	benign
Q9BXE9	S55H	0.5012	ambiguous
Q9BXE9	S55I	0.1395	benign
Q9BXE9	S55K	0.8828	pathogenic
Q9BXE9	S55L	0.1496	benign
Q9BXE9	S55M	0.2465	benign
Q9BXE9	S55N	0.3123	benign
Q9BXE9	S55P	0.3867	ambiguous
Q9BXE9	S55Q	0.7209	pathogenic
Q9BXE9	S55R	0.7984	pathogenic
Q9BXE9	S55T	0.0964	benign
Q9BXE9	S55V	0.1868	benign
Q9BXE9	S55W	0.29	benign
Q9BXE9	S55Y	0.2174	benign
Q9BXE9	L56A	0.2801	benign
Q9BXE9	L56C	0.5333	ambiguous
Q9BXE9	L56D	0.7938	pathogenic
Q9BXE9	L56E	0.5372	ambiguous
Q9BXE9	L56F	0.138	benign
Q9BXE9	L56G	0.573	pathogenic
Q9BXE9	L56H	0.3642	ambiguous
Q9BXE9	L56I	0.1366	benign
Q9BXE9	L56K	0.412	ambiguous
Q9BXE9	L56M	0.1241	benign
Q9BXE9	L56N	0.5739	pathogenic
Q9BXE9	L56P	0.356	ambiguous
Q9BXE9	L56Q	0.2779	benign
Q9BXE9	L56R	0.307	benign
Q9BXE9	L56S	0.3279	benign
Q9BXE9	L56T	0.2207	benign
Q9BXE9	L56V	0.1178	benign
Q9BXE9	L56W	0.2493	benign
Q9BXE9	L56Y	0.4982	ambiguous
Q9BXE9	V57A	0.2377	benign
Q9BXE9	V57C	0.6633	pathogenic
Q9BXE9	V57D	0.3624	ambiguous
Q9BXE9	V57E	0.407	ambiguous
Q9BXE9	V57F	0.1746	benign
Q9BXE9	V57G	0.1988	benign
Q9BXE9	V57H	0.6275	pathogenic
Q9BXE9	V57I	0.1215	benign
Q9BXE9	V57K	0.5912	pathogenic
Q9BXE9	V57L	0.2478	benign
Q9BXE9	V57M	0.2801	benign
Q9BXE9	V57N	0.3617	ambiguous
Q9BXE9	V57P	0.5564	ambiguous
Q9BXE9	V57Q	0.4406	ambiguous
Q9BXE9	V57R	0.4414	ambiguous
Q9BXE9	V57S	0.2656	benign
Q9BXE9	V57T	0.3074	benign
Q9BXE9	V57W	0.7704	pathogenic
Q9BXE9	V57Y	0.5311	ambiguous
Q9BXE9	I58A	0.5747	pathogenic
Q9BXE9	I58C	0.6876	pathogenic
Q9BXE9	I58D	0.7355	pathogenic
Q9BXE9	I58E	0.7942	pathogenic
Q9BXE9	I58F	0.1595	benign
Q9BXE9	I58G	0.7296	pathogenic
Q9BXE9	I58H	0.5477	ambiguous
Q9BXE9	I58K	0.6389	pathogenic
Q9BXE9	I58L	0.0905	benign
Q9BXE9	I58M	0.1505	benign
Q9BXE9	I58N	0.3252	benign
Q9BXE9	I58P	0.6408	pathogenic
Q9BXE9	I58Q	0.6353	pathogenic
Q9BXE9	I58R	0.5053	ambiguous
Q9BXE9	I58S	0.4357	ambiguous
Q9BXE9	I58T	0.4685	ambiguous
Q9BXE9	I58V	0.1629	benign
Q9BXE9	I58W	0.7246	pathogenic
Q9BXE9	I58Y	0.4806	ambiguous
Q9BXE9	L59A	0.2793	benign
Q9BXE9	L59C	0.41	ambiguous
Q9BXE9	L59D	0.7769	pathogenic
Q9BXE9	L59E	0.6442	pathogenic
Q9BXE9	L59F	0.0985	benign
Q9BXE9	L59G	0.519	ambiguous
Q9BXE9	L59H	0.3474	ambiguous
Q9BXE9	L59I	0.1039	benign
Q9BXE9	L59K	0.5353	ambiguous
Q9BXE9	L59M	0.1684	benign
Q9BXE9	L59N	0.5479	ambiguous
Q9BXE9	L59P	0.2618	benign
Q9BXE9	L59Q	0.3593	ambiguous
Q9BXE9	L59R	0.3545	ambiguous
Q9BXE9	L59S	0.3657	ambiguous
Q9BXE9	L59T	0.2747	benign
Q9BXE9	L59V	0.1121	benign
Q9BXE9	L59W	0.2304	benign
Q9BXE9	L59Y	0.3979	ambiguous
Q9BXE9	S60A	0.121	benign
Q9BXE9	S60C	0.1034	benign
Q9BXE9	S60D	0.7336	pathogenic
Q9BXE9	S60E	0.7486	pathogenic
Q9BXE9	S60F	0.278	benign
Q9BXE9	S60G	0.1499	benign
Q9BXE9	S60H	0.5669	pathogenic
Q9BXE9	S60I	0.4202	ambiguous
Q9BXE9	S60K	0.8633	pathogenic
Q9BXE9	S60L	0.2221	benign
Q9BXE9	S60M	0.3774	ambiguous
Q9BXE9	S60N	0.4689	ambiguous
Q9BXE9	S60P	0.2377	benign
Q9BXE9	S60Q	0.6699	pathogenic
Q9BXE9	S60R	0.7759	pathogenic
Q9BXE9	S60T	0.1244	benign
Q9BXE9	S60V	0.3754	ambiguous
Q9BXE9	S60W	0.2822	benign
Q9BXE9	S60Y	0.304	benign
Q9BXE9	K61A	0.4278	ambiguous
Q9BXE9	K61C	0.7392	pathogenic
Q9BXE9	K61D	0.6808	pathogenic
Q9BXE9	K61E	0.2255	benign
Q9BXE9	K61F	0.77	pathogenic
Q9BXE9	K61G	0.4994	ambiguous
Q9BXE9	K61H	0.4604	ambiguous
Q9BXE9	K61I	0.4435	ambiguous
Q9BXE9	K61L	0.4548	ambiguous
Q9BXE9	K61M	0.3487	ambiguous
Q9BXE9	K61N	0.6003	pathogenic
Q9BXE9	K61P	0.7784	pathogenic
Q9BXE9	K61Q	0.2201	benign
Q9BXE9	K61R	0.0806	benign
Q9BXE9	K61S	0.5507	ambiguous
Q9BXE9	K61T	0.272	benign
Q9BXE9	K61V	0.3916	ambiguous
Q9BXE9	K61W	0.7376	pathogenic
Q9BXE9	K61Y	0.6321	pathogenic
Q9BXE9	G62A	0.1942	benign
Q9BXE9	G62C	0.3181	benign
Q9BXE9	G62D	0.3506	ambiguous
Q9BXE9	G62E	0.3492	ambiguous
Q9BXE9	G62F	0.6825	pathogenic
Q9BXE9	G62H	0.6675	pathogenic
Q9BXE9	G62I	0.3376	benign
Q9BXE9	G62K	0.6913	pathogenic
Q9BXE9	G62L	0.5782	pathogenic
Q9BXE9	G62M	0.5946	pathogenic
Q9BXE9	G62N	0.5286	ambiguous
Q9BXE9	G62P	0.8952	pathogenic
Q9BXE9	G62Q	0.5712	pathogenic
Q9BXE9	G62R	0.4976	ambiguous
Q9BXE9	G62S	0.2071	benign
Q9BXE9	G62T	0.3253	benign
Q9BXE9	G62V	0.2126	benign
Q9BXE9	G62W	0.4583	ambiguous
Q9BXE9	G62Y	0.5177	ambiguous
Q9BXE9	I63A	0.5753	pathogenic
Q9BXE9	I63C	0.7377	pathogenic
Q9BXE9	I63D	0.7395	pathogenic
Q9BXE9	I63E	0.7331	pathogenic
Q9BXE9	I63F	0.1354	benign
Q9BXE9	I63G	0.657	pathogenic
Q9BXE9	I63H	0.6244	pathogenic
Q9BXE9	I63K	0.5572	ambiguous
Q9BXE9	I63L	0.1276	benign
Q9BXE9	I63M	0.1464	benign
Q9BXE9	I63N	0.309	benign
Q9BXE9	I63P	0.7033	pathogenic
Q9BXE9	I63Q	0.6476	pathogenic
Q9BXE9	I63R	0.4917	ambiguous
Q9BXE9	I63S	0.3946	ambiguous
Q9BXE9	I63T	0.4496	ambiguous
Q9BXE9	I63V	0.1338	benign
Q9BXE9	I63W	0.6858	pathogenic
Q9BXE9	I63Y	0.4622	ambiguous
Q9BXE9	P64A	0.1895	benign
Q9BXE9	P64C	0.6187	pathogenic
Q9BXE9	P64D	0.7081	pathogenic
Q9BXE9	P64E	0.562	ambiguous
Q9BXE9	P64F	0.5611	ambiguous
Q9BXE9	P64G	0.4563	ambiguous
Q9BXE9	P64H	0.3034	benign
Q9BXE9	P64I	0.4284	ambiguous
Q9BXE9	P64K	0.5019	ambiguous
Q9BXE9	P64L	0.1607	benign
Q9BXE9	P64M	0.5162	ambiguous
Q9BXE9	P64N	0.608	pathogenic
Q9BXE9	P64Q	0.3112	benign
Q9BXE9	P64R	0.2858	benign
Q9BXE9	P64S	0.2446	benign
Q9BXE9	P64T	0.1777	benign
Q9BXE9	P64V	0.35	ambiguous
Q9BXE9	P64W	0.6601	pathogenic
Q9BXE9	P64Y	0.5599	ambiguous
Q9BXE9	Q65A	0.2228	benign
Q9BXE9	Q65C	0.6962	pathogenic
Q9BXE9	Q65D	0.3722	ambiguous
Q9BXE9	Q65E	0.0734	benign
Q9BXE9	Q65F	0.6535	pathogenic
Q9BXE9	Q65G	0.2547	benign
Q9BXE9	Q65H	0.3039	benign
Q9BXE9	Q65I	0.4066	ambiguous
Q9BXE9	Q65K	0.1322	benign
Q9BXE9	Q65L	0.1678	benign
Q9BXE9	Q65M	0.3996	ambiguous
Q9BXE9	Q65N	0.3537	ambiguous
Q9BXE9	Q65P	0.1945	benign
Q9BXE9	Q65R	0.1215	benign
Q9BXE9	Q65S	0.2995	benign
Q9BXE9	Q65T	0.2766	benign
Q9BXE9	Q65V	0.2394	benign
Q9BXE9	Q65W	0.4831	ambiguous
Q9BXE9	Q65Y	0.4597	ambiguous
Q9BXE9	T66A	0.098	benign
Q9BXE9	T66C	0.4976	ambiguous
Q9BXE9	T66D	0.548	ambiguous
Q9BXE9	T66E	0.4423	ambiguous
Q9BXE9	T66F	0.335	benign
Q9BXE9	T66G	0.311	benign
Q9BXE9	T66H	0.4048	ambiguous
Q9BXE9	T66I	0.1717	benign
Q9BXE9	T66K	0.3253	benign
Q9BXE9	T66L	0.1545	benign
Q9BXE9	T66M	0.0948	benign
Q9BXE9	T66N	0.1985	benign
Q9BXE9	T66P	0.2622	benign
Q9BXE9	T66Q	0.3563	ambiguous
Q9BXE9	T66R	0.2549	benign
Q9BXE9	T66S	0.182	benign
Q9BXE9	T66V	0.181	benign
Q9BXE9	T66W	0.6284	pathogenic
Q9BXE9	T66Y	0.3695	ambiguous
Q9BXE9	M67A	0.3022	benign
Q9BXE9	M67C	0.7569	pathogenic
Q9BXE9	M67D	0.8384	pathogenic
Q9BXE9	M67E	0.5133	ambiguous
Q9BXE9	M67F	0.3616	ambiguous
Q9BXE9	M67G	0.5862	pathogenic
Q9BXE9	M67H	0.6711	pathogenic
Q9BXE9	M67I	0.33	benign
Q9BXE9	M67K	0.235	benign
Q9BXE9	M67L	0.1413	benign
Q9BXE9	M67N	0.6494	pathogenic
Q9BXE9	M67P	0.728	pathogenic
Q9BXE9	M67Q	0.344	ambiguous
Q9BXE9	M67R	0.2227	benign
Q9BXE9	M67S	0.4472	ambiguous
Q9BXE9	M67T	0.1641	benign
Q9BXE9	M67V	0.0765	benign
Q9BXE9	M67W	0.6013	pathogenic
Q9BXE9	M67Y	0.6572	pathogenic
Q9BXE9	A68C	0.5663	pathogenic
Q9BXE9	A68D	0.2088	benign
Q9BXE9	A68E	0.1716	benign
Q9BXE9	A68F	0.3191	benign
Q9BXE9	A68G	0.1469	benign
Q9BXE9	A68H	0.4546	ambiguous
Q9BXE9	A68I	0.2602	benign
Q9BXE9	A68K	0.3642	ambiguous
Q9BXE9	A68L	0.168	benign
Q9BXE9	A68M	0.2511	benign
Q9BXE9	A68N	0.2917	benign
Q9BXE9	A68P	0.3715	ambiguous
Q9BXE9	A68Q	0.3135	benign
Q9BXE9	A68R	0.298	benign
Q9BXE9	A68S	0.1339	benign
Q9BXE9	A68T	0.1043	benign
Q9BXE9	A68V	0.1179	benign
Q9BXE9	A68W	0.6163	pathogenic
Q9BXE9	A68Y	0.4219	ambiguous
Q9BXE9	A69C	0.49	ambiguous
Q9BXE9	A69D	0.2732	benign
Q9BXE9	A69E	0.3426	ambiguous
Q9BXE9	A69F	0.3449	ambiguous
Q9BXE9	A69G	0.1627	benign
Q9BXE9	A69H	0.5521	ambiguous
Q9BXE9	A69I	0.2779	benign
Q9BXE9	A69K	0.5689	pathogenic
Q9BXE9	A69L	0.242	benign
Q9BXE9	A69M	0.3413	ambiguous
Q9BXE9	A69N	0.3261	benign
Q9BXE9	A69P	0.4227	ambiguous
Q9BXE9	A69Q	0.4703	ambiguous
Q9BXE9	A69R	0.4188	ambiguous
Q9BXE9	A69S	0.1252	benign
Q9BXE9	A69T	0.1083	benign
Q9BXE9	A69V	0.1426	benign
Q9BXE9	A69W	0.6809	pathogenic
Q9BXE9	A69Y	0.4351	ambiguous
Q9BXE9	F70A	0.3767	ambiguous
Q9BXE9	F70C	0.3421	ambiguous
Q9BXE9	F70D	0.7151	pathogenic
Q9BXE9	F70E	0.7901	pathogenic
Q9BXE9	F70G	0.6022	pathogenic
Q9BXE9	F70H	0.6436	pathogenic
Q9BXE9	F70I	0.2398	benign
Q9BXE9	F70K	0.7727	pathogenic
Q9BXE9	F70L	0.6949	pathogenic
Q9BXE9	F70M	0.4893	ambiguous
Q9BXE9	F70N	0.6418	pathogenic
Q9BXE9	F70P	0.8542	pathogenic
Q9BXE9	F70Q	0.7484	pathogenic
Q9BXE9	F70R	0.6149	pathogenic
Q9BXE9	F70S	0.2675	benign
Q9BXE9	F70T	0.3889	ambiguous
Q9BXE9	F70V	0.2408	benign
Q9BXE9	F70W	0.2811	benign
Q9BXE9	F70Y	0.2348	benign
Q9BXE9	G71A	0.2269	benign
Q9BXE9	G71C	0.2526	benign
Q9BXE9	G71D	0.1825	benign
Q9BXE9	G71E	0.2566	benign
Q9BXE9	G71F	0.5556	ambiguous
Q9BXE9	G71H	0.3175	benign
Q9BXE9	G71I	0.3362	benign
Q9BXE9	G71K	0.4364	ambiguous
Q9BXE9	G71L	0.4315	ambiguous
Q9BXE9	G71M	0.6015	pathogenic
Q9BXE9	G71N	0.3703	ambiguous
Q9BXE9	G71P	0.7198	pathogenic
Q9BXE9	G71Q	0.3113	benign
Q9BXE9	G71R	0.2412	benign
Q9BXE9	G71S	0.1456	benign
Q9BXE9	G71T	0.3218	benign
Q9BXE9	G71V	0.2479	benign
Q9BXE9	G71W	0.3303	benign
Q9BXE9	G71Y	0.3796	ambiguous
Q9BXE9	L72A	0.2085	benign
Q9BXE9	L72C	0.3785	ambiguous
Q9BXE9	L72D	0.4489	ambiguous
Q9BXE9	L72E	0.2232	benign
Q9BXE9	L72F	0.0995	benign
Q9BXE9	L72G	0.2956	benign
Q9BXE9	L72H	0.1881	benign
Q9BXE9	L72I	0.1038	benign
Q9BXE9	L72K	0.1503	benign
Q9BXE9	L72M	0.1053	benign
Q9BXE9	L72N	0.2952	benign
Q9BXE9	L72P	0.1785	benign
Q9BXE9	L72Q	0.1094	benign
Q9BXE9	L72R	0.1135	benign
Q9BXE9	L72S	0.2063	benign
Q9BXE9	L72T	0.2008	benign
Q9BXE9	L72V	0.0928	benign
Q9BXE9	L72W	0.0862	benign
Q9BXE9	L72Y	0.2232	benign
Q9BXE9	K73A	0.2621	benign
Q9BXE9	K73C	0.6713	pathogenic
Q9BXE9	K73D	0.3362	benign
Q9BXE9	K73E	0.105	benign
Q9BXE9	K73F	0.6273	pathogenic
Q9BXE9	K73G	0.2885	benign
Q9BXE9	K73H	0.2859	benign
Q9BXE9	K73I	0.3057	benign
Q9BXE9	K73L	0.3039	benign
Q9BXE9	K73M	0.2228	benign
Q9BXE9	K73N	0.3043	benign
Q9BXE9	K73P	0.3679	ambiguous
Q9BXE9	K73Q	0.1226	benign
Q9BXE9	K73R	0.0787	benign
Q9BXE9	K73S	0.3063	benign
Q9BXE9	K73T	0.1406	benign
Q9BXE9	K73V	0.2853	benign
Q9BXE9	K73W	0.583	pathogenic
Q9BXE9	K73Y	0.4926	ambiguous
Q9BXE9	D74A	0.1288	benign
Q9BXE9	D74C	0.3424	ambiguous
Q9BXE9	D74E	0.1743	benign
Q9BXE9	D74F	0.2725	benign
Q9BXE9	D74G	0.1034	benign
Q9BXE9	D74H	0.1302	benign
Q9BXE9	D74I	0.1923	benign
Q9BXE9	D74K	0.2516	benign
Q9BXE9	D74L	0.2347	benign
Q9BXE9	D74M	0.4914	ambiguous
Q9BXE9	D74N	0.1022	benign
Q9BXE9	D74P	0.3493	ambiguous
Q9BXE9	D74Q	0.2306	benign
Q9BXE9	D74R	0.2143	benign
Q9BXE9	D74S	0.1349	benign
Q9BXE9	D74T	0.2011	benign
Q9BXE9	D74V	0.1132	benign
Q9BXE9	D74W	0.5515	ambiguous
Q9BXE9	D74Y	0.0735	benign
Q9BXE9	S75A	0.0954	benign
Q9BXE9	S75C	0.0965	benign
Q9BXE9	S75D	0.2753	benign
Q9BXE9	S75E	0.3947	ambiguous
Q9BXE9	S75F	0.0851	benign
Q9BXE9	S75G	0.1152	benign
Q9BXE9	S75H	0.2028	benign
Q9BXE9	S75I	0.101	benign
Q9BXE9	S75K	0.5239	ambiguous
Q9BXE9	S75L	0.1309	benign
Q9BXE9	S75M	0.2068	benign
Q9BXE9	S75N	0.1738	benign
Q9BXE9	S75P	0.12	benign
Q9BXE9	S75Q	0.3909	ambiguous
Q9BXE9	S75R	0.378	ambiguous
Q9BXE9	S75T	0.0933	benign
Q9BXE9	S75V	0.1262	benign
Q9BXE9	S75W	0.159	benign
Q9BXE9	S75Y	0.0883	benign
Q9BXE9	L76A	0.2739	benign
Q9BXE9	L76C	0.5346	ambiguous
Q9BXE9	L76D	0.5964	pathogenic
Q9BXE9	L76E	0.3796	ambiguous
Q9BXE9	L76F	0.1197	benign
Q9BXE9	L76G	0.4594	ambiguous
Q9BXE9	L76H	0.2618	benign
Q9BXE9	L76I	0.1243	benign
Q9BXE9	L76K	0.3091	benign
Q9BXE9	L76M	0.154	benign
Q9BXE9	L76N	0.4468	ambiguous
Q9BXE9	L76P	0.1361	benign
Q9BXE9	L76Q	0.2031	benign
Q9BXE9	L76R	0.2063	benign
Q9BXE9	L76S	0.3212	benign
Q9BXE9	L76T	0.2676	benign
Q9BXE9	L76V	0.1118	benign
Q9BXE9	L76W	0.1961	benign
Q9BXE9	L76Y	0.3468	ambiguous
Q9BXE9	S77A	0.1657	benign
Q9BXE9	S77C	0.1722	benign
Q9BXE9	S77D	0.1738	benign
Q9BXE9	S77E	0.399	ambiguous
Q9BXE9	S77F	0.3929	ambiguous
Q9BXE9	S77G	0.0682	benign
Q9BXE9	S77H	0.2791	benign
Q9BXE9	S77I	0.3215	benign
Q9BXE9	S77K	0.5228	ambiguous
Q9BXE9	S77L	0.2076	benign
Q9BXE9	S77M	0.3496	ambiguous
Q9BXE9	S77N	0.1104	benign
Q9BXE9	S77P	0.2032	benign
Q9BXE9	S77Q	0.4669	ambiguous
Q9BXE9	S77R	0.4227	ambiguous
Q9BXE9	S77T	0.1059	benign
Q9BXE9	S77V	0.3645	ambiguous
Q9BXE9	S77W	0.316	benign
Q9BXE9	S77Y	0.2563	benign
Q9BXE9	D78A	0.2702	benign
Q9BXE9	D78C	0.6662	pathogenic
Q9BXE9	D78E	0.3503	ambiguous
Q9BXE9	D78F	0.5932	pathogenic
Q9BXE9	D78G	0.2379	benign
Q9BXE9	D78H	0.3032	benign
Q9BXE9	D78I	0.3972	ambiguous
Q9BXE9	D78K	0.4757	ambiguous
Q9BXE9	D78L	0.467	ambiguous
Q9BXE9	D78M	0.7255	pathogenic
Q9BXE9	D78N	0.1476	benign
Q9BXE9	D78P	0.5975	pathogenic
Q9BXE9	D78Q	0.4995	ambiguous
Q9BXE9	D78R	0.4185	ambiguous
Q9BXE9	D78S	0.2032	benign
Q9BXE9	D78T	0.3618	ambiguous
Q9BXE9	D78V	0.2431	benign
Q9BXE9	D78W	0.8335	pathogenic
Q9BXE9	D78Y	0.2011	benign
Q9BXE9	I79A	0.0823	benign
Q9BXE9	I79C	0.4651	ambiguous
Q9BXE9	I79D	0.2496	benign
Q9BXE9	I79E	0.274	benign
Q9BXE9	I79F	0.0758	benign
Q9BXE9	I79G	0.2561	benign
Q9BXE9	I79H	0.2487	benign
Q9BXE9	I79K	0.174	benign
Q9BXE9	I79L	0.0834	benign
Q9BXE9	I79M	0.074	benign
Q9BXE9	I79N	0.125	benign
Q9BXE9	I79P	0.2174	benign
Q9BXE9	I79Q	0.2441	benign
Q9BXE9	I79R	0.1037	benign
Q9BXE9	I79S	0.0998	benign
Q9BXE9	I79T	0.0479	benign
Q9BXE9	I79V	0.072	benign
Q9BXE9	I79W	0.3455	ambiguous
Q9BXE9	I79Y	0.255	benign
Q9BXE9	G80A	0.1144	benign
Q9BXE9	G80C	0.2356	benign
Q9BXE9	G80D	0.3234	benign
Q9BXE9	G80E	0.1903	benign
Q9BXE9	G80F	0.474	ambiguous
Q9BXE9	G80H	0.4625	ambiguous
Q9BXE9	G80I	0.2367	benign
Q9BXE9	G80K	0.4163	ambiguous
Q9BXE9	G80L	0.3643	ambiguous
Q9BXE9	G80M	0.4495	ambiguous
Q9BXE9	G80N	0.5093	ambiguous
Q9BXE9	G80P	0.6201	pathogenic
Q9BXE9	G80Q	0.306	benign
Q9BXE9	G80R	0.236	benign
Q9BXE9	G80S	0.1274	benign
Q9BXE9	G80T	0.1765	benign
Q9BXE9	G80V	0.1611	benign
Q9BXE9	G80W	0.2589	benign
Q9BXE9	G80Y	0.4059	ambiguous
Q9BXE9	C81A	0.6955	pathogenic
Q9BXE9	C81D	0.7531	pathogenic
Q9BXE9	C81E	0.8592	pathogenic
Q9BXE9	C81F	0.3173	benign
Q9BXE9	C81G	0.3412	ambiguous
Q9BXE9	C81H	0.6605	pathogenic
Q9BXE9	C81I	0.7261	pathogenic
Q9BXE9	C81K	0.8468	pathogenic
Q9BXE9	C81L	0.6354	pathogenic
Q9BXE9	C81M	0.7994	pathogenic
Q9BXE9	C81N	0.6941	pathogenic
Q9BXE9	C81P	0.8461	pathogenic
Q9BXE9	C81Q	0.7831	pathogenic
Q9BXE9	C81R	0.5035	ambiguous
Q9BXE9	C81S	0.5282	ambiguous
Q9BXE9	C81T	0.7724	pathogenic
Q9BXE9	C81V	0.6707	pathogenic
Q9BXE9	C81W	0.4167	ambiguous
Q9BXE9	C81Y	0.3489	ambiguous
Q9BXE9	K82A	0.5508	ambiguous
Q9BXE9	K82C	0.7458	pathogenic
Q9BXE9	K82D	0.6979	pathogenic
Q9BXE9	K82E	0.3368	benign
Q9BXE9	K82F	0.7953	pathogenic
Q9BXE9	K82G	0.5835	pathogenic
Q9BXE9	K82H	0.4334	ambiguous
Q9BXE9	K82I	0.4213	ambiguous
Q9BXE9	K82L	0.4674	ambiguous
Q9BXE9	K82M	0.37	ambiguous
Q9BXE9	K82N	0.5557	ambiguous
Q9BXE9	K82P	0.7207	pathogenic
Q9BXE9	K82Q	0.2266	benign
Q9BXE9	K82R	0.1103	benign
Q9BXE9	K82S	0.5512	ambiguous
Q9BXE9	K82T	0.2961	benign
Q9BXE9	K82V	0.4558	ambiguous
Q9BXE9	K82W	0.8017	pathogenic
Q9BXE9	K82Y	0.6486	pathogenic
Q9BXE9	F83A	0.1408	benign
Q9BXE9	F83C	0.1553	benign
Q9BXE9	F83D	0.4585	ambiguous
Q9BXE9	F83E	0.5811	pathogenic
Q9BXE9	F83G	0.286	benign
Q9BXE9	F83H	0.4627	ambiguous
Q9BXE9	F83I	0.065	benign
Q9BXE9	F83K	0.6214	pathogenic
Q9BXE9	F83L	0.1916	benign
Q9BXE9	F83M	0.1663	benign
Q9BXE9	F83N	0.3814	ambiguous
Q9BXE9	F83P	0.554	ambiguous
Q9BXE9	F83Q	0.5428	ambiguous
Q9BXE9	F83R	0.4783	ambiguous
Q9BXE9	F83S	0.1578	benign
Q9BXE9	F83T	0.1274	benign
Q9BXE9	F83V	0.0665	benign
Q9BXE9	F83W	0.2236	benign
Q9BXE9	F83Y	0.1627	benign
Q9BXE9	V84A	0.2107	benign
Q9BXE9	V84C	0.5517	ambiguous
Q9BXE9	V84D	0.3962	ambiguous
Q9BXE9	V84E	0.4487	ambiguous
Q9BXE9	V84F	0.1519	benign
Q9BXE9	V84G	0.2059	benign
Q9BXE9	V84H	0.5536	ambiguous
Q9BXE9	V84I	0.0945	benign
Q9BXE9	V84K	0.5215	ambiguous
Q9BXE9	V84L	0.143	benign
Q9BXE9	V84M	0.2182	benign
Q9BXE9	V84N	0.3733	ambiguous
Q9BXE9	V84P	0.4589	ambiguous
Q9BXE9	V84Q	0.4027	ambiguous
Q9BXE9	V84R	0.3486	ambiguous
Q9BXE9	V84S	0.2427	benign
Q9BXE9	V84T	0.266	benign
Q9BXE9	V84W	0.6466	pathogenic
Q9BXE9	V84Y	0.4852	ambiguous
Q9BXE9	F85A	0.4964	ambiguous
Q9BXE9	F85C	0.3225	benign
Q9BXE9	F85D	0.6499	pathogenic
Q9BXE9	F85E	0.7775	pathogenic
Q9BXE9	F85G	0.6363	pathogenic
Q9BXE9	F85H	0.5777	pathogenic
Q9BXE9	F85I	0.2036	benign
Q9BXE9	F85K	0.7713	pathogenic
Q9BXE9	F85L	0.7673	pathogenic
Q9BXE9	F85M	0.5574	ambiguous
Q9BXE9	F85N	0.5541	ambiguous
Q9BXE9	F85P	0.8334	pathogenic
Q9BXE9	F85Q	0.7051	pathogenic
Q9BXE9	F85R	0.5944	pathogenic
Q9BXE9	F85S	0.3422	ambiguous
Q9BXE9	F85T	0.4993	ambiguous
Q9BXE9	F85V	0.2184	benign
Q9BXE9	F85W	0.4407	ambiguous
Q9BXE9	F85Y	0.1826	benign
Q9BXE9	Y86A	0.4129	ambiguous
Q9BXE9	Y86C	0.1264	benign
Q9BXE9	Y86D	0.3063	benign
Q9BXE9	Y86E	0.7107	pathogenic
Q9BXE9	Y86F	0.1078	benign
Q9BXE9	Y86G	0.3632	ambiguous
Q9BXE9	Y86H	0.2005	benign
Q9BXE9	Y86I	0.4548	ambiguous
Q9BXE9	Y86K	0.677	pathogenic
Q9BXE9	Y86L	0.3187	benign
Q9BXE9	Y86M	0.5899	pathogenic
Q9BXE9	Y86N	0.2373	benign
Q9BXE9	Y86P	0.6028	pathogenic
Q9BXE9	Y86Q	0.5589	ambiguous
Q9BXE9	Y86R	0.4894	ambiguous
Q9BXE9	Y86S	0.19	benign
Q9BXE9	Y86T	0.4092	ambiguous
Q9BXE9	Y86V	0.3518	ambiguous
Q9BXE9	Y86W	0.3516	ambiguous
Q9BXE9	V87A	0.1545	benign
Q9BXE9	V87C	0.472	ambiguous
Q9BXE9	V87D	0.4166	ambiguous
Q9BXE9	V87E	0.4079	ambiguous
Q9BXE9	V87F	0.1137	benign
Q9BXE9	V87G	0.1567	benign
Q9BXE9	V87H	0.5736	pathogenic
Q9BXE9	V87I	0.0893	benign
Q9BXE9	V87K	0.4451	ambiguous
Q9BXE9	V87L	0.1367	benign
Q9BXE9	V87M	0.1384	benign
Q9BXE9	V87N	0.3496	ambiguous
Q9BXE9	V87P	0.5559	ambiguous
Q9BXE9	V87Q	0.3754	ambiguous
Q9BXE9	V87R	0.326	benign
Q9BXE9	V87S	0.2219	benign
Q9BXE9	V87T	0.1995	benign
Q9BXE9	V87W	0.5527	ambiguous
Q9BXE9	V87Y	0.4392	ambiguous
Q9BXE9	H88A	0.4249	ambiguous
Q9BXE9	H88C	0.2579	benign
Q9BXE9	H88D	0.3127	benign
Q9BXE9	H88E	0.3643	ambiguous
Q9BXE9	H88F	0.367	ambiguous
Q9BXE9	H88G	0.3754	ambiguous
Q9BXE9	H88I	0.4662	ambiguous
Q9BXE9	H88K	0.3922	ambiguous
Q9BXE9	H88L	0.1639	benign
Q9BXE9	H88M	0.6266	pathogenic
Q9BXE9	H88N	0.1841	benign
Q9BXE9	H88P	0.1598	benign
Q9BXE9	H88Q	0.2406	benign
Q9BXE9	H88R	0.1584	benign
Q9BXE9	H88S	0.3212	benign
Q9BXE9	H88T	0.4511	ambiguous
Q9BXE9	H88V	0.3917	ambiguous
Q9BXE9	H88W	0.3558	ambiguous
Q9BXE9	H88Y	0.1104	benign
Q9BXE9	R89A	0.371	ambiguous
Q9BXE9	R89C	0.2314	benign
Q9BXE9	R89D	0.6134	pathogenic
Q9BXE9	R89E	0.3424	ambiguous
Q9BXE9	R89F	0.5766	pathogenic
Q9BXE9	R89G	0.1978	benign
Q9BXE9	R89H	0.1624	benign
Q9BXE9	R89I	0.2706	benign
Q9BXE9	R89K	0.1689	benign
Q9BXE9	R89L	0.3178	benign
Q9BXE9	R89M	0.2705	benign
Q9BXE9	R89N	0.5557	ambiguous
Q9BXE9	R89P	0.7557	pathogenic
Q9BXE9	R89Q	0.1313	benign
Q9BXE9	R89S	0.4273	ambiguous
Q9BXE9	R89T	0.207	benign
Q9BXE9	R89V	0.3838	ambiguous
Q9BXE9	R89W	0.2046	benign
Q9BXE9	R89Y	0.4894	ambiguous
Q9BXE9	V90A	0.1425	benign
Q9BXE9	V90C	0.7511	pathogenic
Q9BXE9	V90D	0.4008	ambiguous
Q9BXE9	V90E	0.3177	benign
Q9BXE9	V90F	0.2321	benign
Q9BXE9	V90G	0.2027	benign
Q9BXE9	V90H	0.7063	pathogenic
Q9BXE9	V90I	0.131	benign
Q9BXE9	V90K	0.4726	ambiguous
Q9BXE9	V90L	0.2932	benign
Q9BXE9	V90M	0.181	benign
Q9BXE9	V90N	0.4495	ambiguous
Q9BXE9	V90P	0.714	pathogenic
Q9BXE9	V90Q	0.4293	ambiguous
Q9BXE9	V90R	0.3754	ambiguous
Q9BXE9	V90S	0.2913	benign
Q9BXE9	V90T	0.1755	benign
Q9BXE9	V90W	0.7612	pathogenic
Q9BXE9	V90Y	0.6646	pathogenic
Q9BXE9	G91A	0.1405	benign
Q9BXE9	G91C	0.282	benign
Q9BXE9	G91D	0.472	ambiguous
Q9BXE9	G91E	0.4321	ambiguous
Q9BXE9	G91F	0.6844	pathogenic
Q9BXE9	G91H	0.6979	pathogenic
Q9BXE9	G91I	0.4908	ambiguous
Q9BXE9	G91K	0.7382	pathogenic
Q9BXE9	G91L	0.5443	ambiguous
Q9BXE9	G91M	0.6665	pathogenic
Q9BXE9	G91N	0.6242	pathogenic
Q9BXE9	G91P	0.8509	pathogenic
Q9BXE9	G91Q	0.581	pathogenic
Q9BXE9	G91R	0.491	ambiguous
Q9BXE9	G91S	0.1356	benign
Q9BXE9	G91T	0.2913	benign
Q9BXE9	G91V	0.3084	benign
Q9BXE9	G91W	0.4875	ambiguous
Q9BXE9	G91Y	0.6305	pathogenic
Q9BXE9	R92A	0.3742	ambiguous
Q9BXE9	R92C	0.243	benign
Q9BXE9	R92D	0.5631	ambiguous
Q9BXE9	R92E	0.2869	benign
Q9BXE9	R92F	0.4872	ambiguous
Q9BXE9	R92G	0.2158	benign
Q9BXE9	R92H	0.1391	benign
Q9BXE9	R92I	0.255	benign
Q9BXE9	R92K	0.1429	benign
Q9BXE9	R92L	0.2611	benign
Q9BXE9	R92M	0.2606	benign
Q9BXE9	R92N	0.5215	ambiguous
Q9BXE9	R92P	0.6069	pathogenic
Q9BXE9	R92Q	0.1227	benign
Q9BXE9	R92S	0.4209	ambiguous
Q9BXE9	R92T	0.2318	benign
Q9BXE9	R92V	0.3515	ambiguous
Q9BXE9	R92W	0.1591	benign
Q9BXE9	R92Y	0.4209	ambiguous
Q9BXE9	A93C	0.399	ambiguous
Q9BXE9	A93D	0.1475	benign
Q9BXE9	A93E	0.2403	benign
Q9BXE9	A93F	0.4016	ambiguous
Q9BXE9	A93G	0.077	benign
Q9BXE9	A93H	0.4481	ambiguous
Q9BXE9	A93I	0.3702	ambiguous
Q9BXE9	A93K	0.519	ambiguous
Q9BXE9	A93L	0.2718	benign
Q9BXE9	A93M	0.3399	benign
Q9BXE9	A93N	0.2295	benign
Q9BXE9	A93P	0.3936	ambiguous
Q9BXE9	A93Q	0.3709	ambiguous
Q9BXE9	A93R	0.3956	ambiguous
Q9BXE9	A93S	0.0992	benign
Q9BXE9	A93T	0.1186	benign
Q9BXE9	A93V	0.1745	benign
Q9BXE9	A93W	0.6224	pathogenic
Q9BXE9	A93Y	0.4517	ambiguous
Q9BXE9	V94A	0.1953	benign
Q9BXE9	V94C	0.7147	pathogenic
Q9BXE9	V94D	0.4587	ambiguous
Q9BXE9	V94E	0.3817	ambiguous
Q9BXE9	V94F	0.1818	benign
Q9BXE9	V94G	0.2273	benign
Q9BXE9	V94H	0.6902	pathogenic
Q9BXE9	V94I	0.1145	benign
Q9BXE9	V94K	0.514	ambiguous
Q9BXE9	V94L	0.2183	benign
Q9BXE9	V94M	0.1456	benign
Q9BXE9	V94N	0.4079	ambiguous
Q9BXE9	V94P	0.6706	pathogenic
Q9BXE9	V94Q	0.4125	ambiguous
Q9BXE9	V94R	0.387	ambiguous
Q9BXE9	V94S	0.2948	benign
Q9BXE9	V94T	0.2689	benign
Q9BXE9	V94W	0.7893	pathogenic
Q9BXE9	V94Y	0.6546	pathogenic
Q9BXE9	C95A	0.1727	benign
Q9BXE9	C95D	0.475	ambiguous
Q9BXE9	C95E	0.7267	pathogenic
Q9BXE9	C95F	0.1978	benign
Q9BXE9	C95G	0.1026	benign
Q9BXE9	C95H	0.4945	ambiguous
Q9BXE9	C95I	0.4136	ambiguous
Q9BXE9	C95K	0.8139	pathogenic
Q9BXE9	C95L	0.3275	benign
Q9BXE9	C95M	0.5464	ambiguous
Q9BXE9	C95N	0.3881	ambiguous
Q9BXE9	C95P	0.6254	pathogenic
Q9BXE9	C95Q	0.6384	pathogenic
Q9BXE9	C95R	0.4514	ambiguous
Q9BXE9	C95S	0.1012	benign
Q9BXE9	C95T	0.2119	benign
Q9BXE9	C95V	0.2989	benign
Q9BXE9	C95W	0.4318	ambiguous
Q9BXE9	C95Y	0.2989	benign
Q9BXE9	V96A	0.13	benign
Q9BXE9	V96C	0.5265	ambiguous
Q9BXE9	V96D	0.2995	benign
Q9BXE9	V96E	0.2736	benign
Q9BXE9	V96F	0.1017	benign
Q9BXE9	V96G	0.1878	benign
Q9BXE9	V96H	0.3868	ambiguous
Q9BXE9	V96I	0.0794	benign
Q9BXE9	V96K	0.2958	benign
Q9BXE9	V96L	0.1017	benign
Q9BXE9	V96M	0.1033	benign
Q9BXE9	V96N	0.2591	benign
Q9BXE9	V96P	0.3547	ambiguous
Q9BXE9	V96Q	0.2614	benign
Q9BXE9	V96R	0.1926	benign
Q9BXE9	V96S	0.1876	benign
Q9BXE9	V96T	0.1396	benign
Q9BXE9	V96W	0.4818	ambiguous
Q9BXE9	V96Y	0.3878	ambiguous
Q9BXE9	G97A	0.1285	benign
Q9BXE9	G97C	0.1564	benign
Q9BXE9	G97D	0.2978	benign
Q9BXE9	G97E	0.2968	benign
Q9BXE9	G97F	0.4635	ambiguous
Q9BXE9	G97H	0.4955	ambiguous
Q9BXE9	G97I	0.259	benign
Q9BXE9	G97K	0.5945	pathogenic
Q9BXE9	G97L	0.3781	ambiguous
Q9BXE9	G97M	0.472	ambiguous
Q9BXE9	G97N	0.3765	ambiguous
Q9BXE9	G97P	0.7729	pathogenic
Q9BXE9	G97Q	0.4301	ambiguous
Q9BXE9	G97R	0.3833	ambiguous
Q9BXE9	G97S	0.1062	benign
Q9BXE9	G97T	0.1787	benign
Q9BXE9	G97V	0.1773	benign
Q9BXE9	G97W	0.273	benign
Q9BXE9	G97Y	0.3873	ambiguous
Q9BXE9	N98A	0.2086	benign
Q9BXE9	N98C	0.2127	benign
Q9BXE9	N98D	0.1979	benign
Q9BXE9	N98E	0.4869	ambiguous
Q9BXE9	N98F	0.5084	ambiguous
Q9BXE9	N98G	0.3023	benign
Q9BXE9	N98H	0.1632	benign
Q9BXE9	N98I	0.1747	benign
Q9BXE9	N98K	0.4742	ambiguous
Q9BXE9	N98L	0.204	benign
Q9BXE9	N98M	0.2633	benign
Q9BXE9	N98P	0.482	ambiguous
Q9BXE9	N98Q	0.4776	ambiguous
Q9BXE9	N98R	0.5099	ambiguous
Q9BXE9	N98S	0.0781	benign
Q9BXE9	N98T	0.0986	benign
Q9BXE9	N98V	0.196	benign
Q9BXE9	N98W	0.7257	pathogenic
Q9BXE9	N98Y	0.1791	benign
Q9BXE9	A99C	0.3697	ambiguous
Q9BXE9	A99D	0.2957	benign
Q9BXE9	A99E	0.3295	benign
Q9BXE9	A99F	0.2751	benign
Q9BXE9	A99G	0.1634	benign
Q9BXE9	A99H	0.4469	ambiguous
Q9BXE9	A99I	0.1685	benign
Q9BXE9	A99K	0.4746	ambiguous
Q9BXE9	A99L	0.1445	benign
Q9BXE9	A99M	0.2019	benign
Q9BXE9	A99N	0.2683	benign
Q9BXE9	A99P	0.2429	benign
Q9BXE9	A99Q	0.4068	ambiguous
Q9BXE9	A99R	0.3667	ambiguous
Q9BXE9	A99S	0.1121	benign
Q9BXE9	A99T	0.0746	benign
Q9BXE9	A99V	0.1087	benign
Q9BXE9	A99W	0.6025	pathogenic
Q9BXE9	A99Y	0.3965	ambiguous
Q9BXE9	C100A	0.3536	ambiguous
Q9BXE9	C100D	0.6978	pathogenic
Q9BXE9	C100E	0.8627	pathogenic
Q9BXE9	C100F	0.1562	benign
Q9BXE9	C100G	0.1944	benign
Q9BXE9	C100H	0.5688	pathogenic
Q9BXE9	C100I	0.5054	ambiguous
Q9BXE9	C100K	0.8602	pathogenic
Q9BXE9	C100L	0.3986	ambiguous
Q9BXE9	C100M	0.6291	pathogenic
Q9BXE9	C100N	0.5794	pathogenic
Q9BXE9	C100P	0.7568	pathogenic
Q9BXE9	C100Q	0.751	pathogenic
Q9BXE9	C100R	0.5448	ambiguous
Q9BXE9	C100S	0.2218	benign
Q9BXE9	C100T	0.4278	ambiguous
Q9BXE9	C100V	0.4214	ambiguous
Q9BXE9	C100W	0.442	ambiguous
Q9BXE9	C100Y	0.318	benign
Q9BXE9	L101A	0.4253	ambiguous
Q9BXE9	L101C	0.5505	ambiguous
Q9BXE9	L101D	0.8152	pathogenic
Q9BXE9	L101E	0.6308	pathogenic
Q9BXE9	L101F	0.1404	benign
Q9BXE9	L101G	0.6484	pathogenic
Q9BXE9	L101H	0.3308	benign
Q9BXE9	L101I	0.1242	benign
Q9BXE9	L101K	0.4933	ambiguous
Q9BXE9	L101M	0.1887	benign
Q9BXE9	L101N	0.5707	pathogenic
Q9BXE9	L101P	0.4176	ambiguous
Q9BXE9	L101Q	0.3111	benign
Q9BXE9	L101R	0.3296	benign
Q9BXE9	L101S	0.4365	ambiguous
Q9BXE9	L101T	0.3899	ambiguous
Q9BXE9	L101V	0.1348	benign
Q9BXE9	L101W	0.2993	benign
Q9BXE9	L101Y	0.4425	ambiguous
Q9BXE9	L102A	0.5013	ambiguous
Q9BXE9	L102C	0.6799	pathogenic
Q9BXE9	L102D	0.8275	pathogenic
Q9BXE9	L102E	0.6044	pathogenic
Q9BXE9	L102F	0.2262	benign
Q9BXE9	L102G	0.6643	pathogenic
Q9BXE9	L102H	0.3874	ambiguous
Q9BXE9	L102I	0.2134	benign
Q9BXE9	L102K	0.4783	ambiguous
Q9BXE9	L102M	0.2538	benign
Q9BXE9	L102N	0.6539	pathogenic
Q9BXE9	L102P	0.3091	benign
Q9BXE9	L102Q	0.3147	benign
Q9BXE9	L102R	0.3298	benign
Q9BXE9	L102S	0.5402	ambiguous
Q9BXE9	L102T	0.5066	ambiguous
Q9BXE9	L102V	0.2018	benign
Q9BXE9	L102W	0.3491	ambiguous
Q9BXE9	L102Y	0.5622	ambiguous
Q9BXE9	S103A	0.159	benign
Q9BXE9	S103C	0.1576	benign
Q9BXE9	S103D	0.5422	ambiguous
Q9BXE9	S103E	0.7077	pathogenic
Q9BXE9	S103F	0.4459	ambiguous
Q9BXE9	S103G	0.1031	benign
Q9BXE9	S103H	0.4885	ambiguous
Q9BXE9	S103I	0.2282	benign
Q9BXE9	S103K	0.8163	pathogenic
Q9BXE9	S103L	0.2364	benign
Q9BXE9	S103M	0.3571	ambiguous
Q9BXE9	S103N	0.2376	benign
Q9BXE9	S103P	0.3283	benign
Q9BXE9	S103Q	0.6917	pathogenic
Q9BXE9	S103R	0.6661	pathogenic
Q9BXE9	S103T	0.1445	benign
Q9BXE9	S103V	0.3333	benign
Q9BXE9	S103W	0.3938	ambiguous
Q9BXE9	S103Y	0.3795	ambiguous
Q9BXE9	V104A	0.2074	benign
Q9BXE9	V104C	0.544	ambiguous
Q9BXE9	V104D	0.4421	ambiguous
Q9BXE9	V104E	0.5108	ambiguous
Q9BXE9	V104F	0.1292	benign
Q9BXE9	V104G	0.2059	benign
Q9BXE9	V104H	0.6432	pathogenic
Q9BXE9	V104I	0.0766	benign
Q9BXE9	V104K	0.5616	ambiguous
Q9BXE9	V104L	0.167	benign
Q9BXE9	V104M	0.1571	benign
Q9BXE9	V104N	0.3513	ambiguous
Q9BXE9	V104P	0.5798	pathogenic
Q9BXE9	V104Q	0.517	ambiguous
Q9BXE9	V104R	0.4292	ambiguous
Q9BXE9	V104S	0.2632	benign
Q9BXE9	V104T	0.2529	benign
Q9BXE9	V104W	0.6517	pathogenic
Q9BXE9	V104Y	0.4969	ambiguous
Q9BXE9	F105A	0.5141	ambiguous
Q9BXE9	F105C	0.2834	benign
Q9BXE9	F105D	0.7183	pathogenic
Q9BXE9	F105E	0.7979	pathogenic
Q9BXE9	F105G	0.6611	pathogenic
Q9BXE9	F105H	0.5315	ambiguous
Q9BXE9	F105I	0.2294	benign
Q9BXE9	F105K	0.7679	pathogenic
Q9BXE9	F105L	0.7717	pathogenic
Q9BXE9	F105M	0.5881	pathogenic
Q9BXE9	F105N	0.6033	pathogenic
Q9BXE9	F105P	0.8842	pathogenic
Q9BXE9	F105Q	0.665	pathogenic
Q9BXE9	F105R	0.5706	pathogenic
Q9BXE9	F105S	0.2898	benign
Q9BXE9	F105T	0.4963	ambiguous
Q9BXE9	F105V	0.2494	benign
Q9BXE9	F105W	0.4412	ambiguous
Q9BXE9	F105Y	0.209	benign
Q9BXE9	Q106A	0.4509	ambiguous
Q9BXE9	Q106C	0.8058	pathogenic
Q9BXE9	Q106D	0.7226	pathogenic
Q9BXE9	Q106E	0.1329	benign
Q9BXE9	Q106F	0.8456	pathogenic
Q9BXE9	Q106G	0.4878	ambiguous
Q9BXE9	Q106H	0.4274	ambiguous
Q9BXE9	Q106I	0.6056	pathogenic
Q9BXE9	Q106K	0.2017	benign
Q9BXE9	Q106L	0.2476	benign
Q9BXE9	Q106M	0.6043	pathogenic
Q9BXE9	Q106N	0.6304	pathogenic
Q9BXE9	Q106P	0.2649	benign
Q9BXE9	Q106R	0.1387	benign
Q9BXE9	Q106S	0.4819	ambiguous
Q9BXE9	Q106T	0.4429	ambiguous
Q9BXE9	Q106V	0.4677	ambiguous
Q9BXE9	Q106W	0.5888	pathogenic
Q9BXE9	Q106Y	0.7107	pathogenic
Q9BXE9	V107A	0.1065	benign
Q9BXE9	V107C	0.5976	pathogenic
Q9BXE9	V107D	0.2877	benign
Q9BXE9	V107E	0.3412	ambiguous
Q9BXE9	V107F	0.1639	benign
Q9BXE9	V107G	0.1419	benign
Q9BXE9	V107H	0.5618	ambiguous
Q9BXE9	V107I	0.1368	benign
Q9BXE9	V107K	0.4602	ambiguous
Q9BXE9	V107L	0.2382	benign
Q9BXE9	V107M	0.1582	benign
Q9BXE9	V107N	0.2653	benign
Q9BXE9	V107P	0.6295	pathogenic
Q9BXE9	V107Q	0.4191	ambiguous
Q9BXE9	V107R	0.363	ambiguous
Q9BXE9	V107S	0.1902	benign
Q9BXE9	V107T	0.2167	benign
Q9BXE9	V107W	0.7072	pathogenic
Q9BXE9	V107Y	0.4516	ambiguous
Q9BXE9	I108A	0.4165	ambiguous
Q9BXE9	I108C	0.6275	pathogenic
Q9BXE9	I108D	0.7136	pathogenic
Q9BXE9	I108E	0.6676	pathogenic
Q9BXE9	I108F	0.1405	benign
Q9BXE9	I108G	0.6503	pathogenic
Q9BXE9	I108H	0.543	ambiguous
Q9BXE9	I108K	0.4599	ambiguous
Q9BXE9	I108L	0.1328	benign
Q9BXE9	I108M	0.1115	benign
Q9BXE9	I108N	0.267	benign
Q9BXE9	I108P	0.7304	pathogenic
Q9BXE9	I108Q	0.5068	ambiguous
Q9BXE9	I108R	0.329	benign
Q9BXE9	I108S	0.3095	benign
Q9BXE9	I108T	0.2473	benign
Q9BXE9	I108V	0.1196	benign
Q9BXE9	I108W	0.6508	pathogenic
Q9BXE9	I108Y	0.5118	ambiguous
Q9BXE9	T109A	0.1109	benign
Q9BXE9	T109C	0.4417	ambiguous
Q9BXE9	T109D	0.4705	ambiguous
Q9BXE9	T109E	0.3999	ambiguous
Q9BXE9	T109F	0.2735	benign
Q9BXE9	T109G	0.3296	benign
Q9BXE9	T109H	0.2875	benign
Q9BXE9	T109I	0.1589	benign
Q9BXE9	T109K	0.2157	benign
Q9BXE9	T109L	0.1263	benign
Q9BXE9	T109M	0.107	benign
Q9BXE9	T109N	0.1793	benign
Q9BXE9	T109P	0.1813	benign
Q9BXE9	T109Q	0.2642	benign
Q9BXE9	T109R	0.1466	benign
Q9BXE9	T109S	0.1663	benign
Q9BXE9	T109V	0.1868	benign
Q9BXE9	T109W	0.5397	ambiguous
Q9BXE9	T109Y	0.3079	benign
Q9BXE9	I110A	0.5134	ambiguous
Q9BXE9	I110C	0.7698	pathogenic
Q9BXE9	I110D	0.7945	pathogenic
Q9BXE9	I110E	0.7683	pathogenic
Q9BXE9	I110F	0.2307	benign
Q9BXE9	I110G	0.7727	pathogenic
Q9BXE9	I110H	0.6695	pathogenic
Q9BXE9	I110K	0.5791	pathogenic
Q9BXE9	I110L	0.1726	benign
Q9BXE9	I110M	0.197	benign
Q9BXE9	I110N	0.41	ambiguous
Q9BXE9	I110P	0.7575	pathogenic
Q9BXE9	I110Q	0.6622	pathogenic
Q9BXE9	I110R	0.4107	ambiguous
Q9BXE9	I110S	0.4664	ambiguous
Q9BXE9	I110T	0.4507	ambiguous
Q9BXE9	I110V	0.1194	benign
Q9BXE9	I110W	0.8016	pathogenic
Q9BXE9	I110Y	0.6222	pathogenic
Q9BXE9	S111A	0.1744	benign
Q9BXE9	S111C	0.113	benign
Q9BXE9	S111D	0.5251	ambiguous
Q9BXE9	S111E	0.6723	pathogenic
Q9BXE9	S111F	0.2685	benign
Q9BXE9	S111G	0.1342	benign
Q9BXE9	S111H	0.3033	benign
Q9BXE9	S111I	0.1527	benign
Q9BXE9	S111K	0.6788	pathogenic
Q9BXE9	S111L	0.1583	benign
Q9BXE9	S111M	0.3068	benign
Q9BXE9	S111N	0.2123	benign
Q9BXE9	S111P	0.2922	benign
Q9BXE9	S111Q	0.5531	ambiguous
Q9BXE9	S111R	0.4946	ambiguous
Q9BXE9	S111T	0.1307	benign
Q9BXE9	S111V	0.2576	benign
Q9BXE9	S111W	0.2746	benign
Q9BXE9	S111Y	0.215	benign
Q9BXE9	P112A	0.1572	benign
Q9BXE9	P112C	0.4952	ambiguous
Q9BXE9	P112D	0.4302	ambiguous
Q9BXE9	P112E	0.4049	ambiguous
Q9BXE9	P112F	0.5349	ambiguous
Q9BXE9	P112G	0.3413	ambiguous
Q9BXE9	P112H	0.1876	benign
Q9BXE9	P112I	0.4616	ambiguous
Q9BXE9	P112K	0.3321	benign
Q9BXE9	P112L	0.2072	benign
Q9BXE9	P112M	0.5261	ambiguous
Q9BXE9	P112N	0.3889	ambiguous
Q9BXE9	P112Q	0.233	benign
Q9BXE9	P112R	0.1717	benign
Q9BXE9	P112S	0.1651	benign
Q9BXE9	P112T	0.1565	benign
Q9BXE9	P112V	0.3525	ambiguous
Q9BXE9	P112W	0.5695	pathogenic
Q9BXE9	P112Y	0.459	ambiguous
Q9BXE9	S113A	0.0905	benign
Q9BXE9	S113C	0.0852	benign
Q9BXE9	S113D	0.1856	benign
Q9BXE9	S113E	0.217	benign
Q9BXE9	S113F	0.1959	benign
Q9BXE9	S113G	0.0647	benign
Q9BXE9	S113H	0.1366	benign
Q9BXE9	S113I	0.1412	benign
Q9BXE9	S113K	0.1883	benign
Q9BXE9	S113L	0.1146	benign
Q9BXE9	S113M	0.1837	benign
Q9BXE9	S113N	0.1064	benign
Q9BXE9	S113P	0.1045	benign
Q9BXE9	S113Q	0.1807	benign
Q9BXE9	S113R	0.1085	benign
Q9BXE9	S113T	0.0879	benign
Q9BXE9	S113V	0.1487	benign
Q9BXE9	S113W	0.1348	benign
Q9BXE9	S113Y	0.1324	benign
Q9BXE9	E114A	0.0843	benign
Q9BXE9	E114C	0.4007	ambiguous
Q9BXE9	E114D	0.0867	benign
Q9BXE9	E114F	0.3385	benign
Q9BXE9	E114G	0.0757	benign
Q9BXE9	E114H	0.1553	benign
Q9BXE9	E114I	0.172	benign
Q9BXE9	E114K	0.0919	benign
Q9BXE9	E114L	0.1895	benign
Q9BXE9	E114M	0.2579	benign
Q9BXE9	E114N	0.106	benign
Q9BXE9	E114P	0.2086	benign
Q9BXE9	E114Q	0.0883	benign
Q9BXE9	E114R	0.0951	benign
Q9BXE9	E114S	0.0928	benign
Q9BXE9	E114T	0.1048	benign
Q9BXE9	E114V	0.112	benign
Q9BXE9	E114W	0.4875	ambiguous
Q9BXE9	E114Y	0.227	benign
Q9BXE9	F115A	0.1792	benign
Q9BXE9	F115C	0.141	benign
Q9BXE9	F115D	0.2275	benign
Q9BXE9	F115E	0.3579	ambiguous
Q9BXE9	F115G	0.2664	benign
Q9BXE9	F115H	0.2673	benign
Q9BXE9	F115I	0.1111	benign
Q9BXE9	F115K	0.2944	benign
Q9BXE9	F115L	0.5007	ambiguous
Q9BXE9	F115M	0.2975	benign
Q9BXE9	F115N	0.1792	benign
Q9BXE9	F115P	0.3692	ambiguous
Q9BXE9	F115Q	0.3424	ambiguous
Q9BXE9	F115R	0.2372	benign
Q9BXE9	F115S	0.1004	benign
Q9BXE9	F115T	0.1546	benign
Q9BXE9	F115V	0.1119	benign
Q9BXE9	F115W	0.2256	benign
Q9BXE9	F115Y	0.1	benign
Q9BXE9	R116A	0.2491	benign
Q9BXE9	R116C	0.1349	benign
Q9BXE9	R116D	0.4183	ambiguous
Q9BXE9	R116E	0.2469	benign
Q9BXE9	R116F	0.3164	benign
Q9BXE9	R116G	0.1202	benign
Q9BXE9	R116H	0.1109	benign
Q9BXE9	R116I	0.1624	benign
Q9BXE9	R116K	0.1238	benign
Q9BXE9	R116L	0.1378	benign
Q9BXE9	R116M	0.2143	benign
Q9BXE9	R116N	0.3875	ambiguous
Q9BXE9	R116P	0.1868	benign
Q9BXE9	R116Q	0.0983	benign
Q9BXE9	R116S	0.2508	benign
Q9BXE9	R116T	0.1679	benign
Q9BXE9	R116V	0.2316	benign
Q9BXE9	R116W	0.1023	benign
Q9BXE9	R116Y	0.2644	benign
Q9BXE9	W117A	0.241	benign
Q9BXE9	W117C	0.3788	ambiguous
Q9BXE9	W117D	0.4775	ambiguous
Q9BXE9	W117E	0.4719	ambiguous
Q9BXE9	W117F	0.1671	benign
Q9BXE9	W117G	0.1146	benign
Q9BXE9	W117H	0.4476	ambiguous
Q9BXE9	W117I	0.3215	benign
Q9BXE9	W117K	0.4665	ambiguous
Q9BXE9	W117L	0.1485	benign
Q9BXE9	W117M	0.3279	benign
Q9BXE9	W117N	0.5189	ambiguous
Q9BXE9	W117P	0.4229	ambiguous
Q9BXE9	W117Q	0.4812	ambiguous
Q9BXE9	W117R	0.3522	ambiguous
Q9BXE9	W117S	0.207	benign
Q9BXE9	W117T	0.2611	benign
Q9BXE9	W117V	0.2153	benign
Q9BXE9	W117Y	0.2762	benign
Q9BXE9	A118C	0.4313	ambiguous
Q9BXE9	A118D	0.1974	benign
Q9BXE9	A118E	0.1666	benign
Q9BXE9	A118F	0.3359	benign
Q9BXE9	A118G	0.1074	benign
Q9BXE9	A118H	0.3619	ambiguous
Q9BXE9	A118I	0.2694	benign
Q9BXE9	A118K	0.2545	benign
Q9BXE9	A118L	0.1761	benign
Q9BXE9	A118M	0.2289	benign
Q9BXE9	A118N	0.2463	benign
Q9BXE9	A118P	0.1692	benign
Q9BXE9	A118Q	0.2403	benign
Q9BXE9	A118R	0.1944	benign
Q9BXE9	A118S	0.1107	benign
Q9BXE9	A118T	0.0978	benign
Q9BXE9	A118V	0.1208	benign
Q9BXE9	A118W	0.4995	ambiguous
Q9BXE9	A118Y	0.3975	ambiguous
Q9BXE9	E119A	0.1084	benign
Q9BXE9	E119C	0.5696	pathogenic
Q9BXE9	E119D	0.1309	benign
Q9BXE9	E119F	0.4167	ambiguous
Q9BXE9	E119G	0.0968	benign
Q9BXE9	E119H	0.2105	benign
Q9BXE9	E119I	0.2278	benign
Q9BXE9	E119K	0.0878	benign
Q9BXE9	E119L	0.2051	benign
Q9BXE9	E119M	0.3083	benign
Q9BXE9	E119N	0.1896	benign
Q9BXE9	E119P	0.2328	benign
Q9BXE9	E119Q	0.0801	benign
Q9BXE9	E119R	0.097	benign
Q9BXE9	E119S	0.1537	benign
Q9BXE9	E119T	0.1659	benign
Q9BXE9	E119V	0.1337	benign
Q9BXE9	E119W	0.5238	ambiguous
Q9BXE9	E119Y	0.3005	benign
Q9BXE9	L120A	0.3093	benign
Q9BXE9	L120C	0.4624	ambiguous
Q9BXE9	L120D	0.6122	pathogenic
Q9BXE9	L120E	0.3941	ambiguous
Q9BXE9	L120F	0.1386	benign
Q9BXE9	L120G	0.4427	ambiguous
Q9BXE9	L120H	0.2497	benign
Q9BXE9	L120I	0.1232	benign
Q9BXE9	L120K	0.2551	benign
Q9BXE9	L120M	0.1341	benign
Q9BXE9	L120N	0.4024	ambiguous
Q9BXE9	L120P	0.2389	benign
Q9BXE9	L120Q	0.1826	benign
Q9BXE9	L120R	0.1781	benign
Q9BXE9	L120S	0.3792	ambiguous
Q9BXE9	L120T	0.3043	benign
Q9BXE9	L120V	0.1184	benign
Q9BXE9	L120W	0.1537	benign
Q9BXE9	L120Y	0.3279	benign
Q9BXE9	K121A	0.5452	ambiguous
Q9BXE9	K121C	0.7418	pathogenic
Q9BXE9	K121D	0.7355	pathogenic
Q9BXE9	K121E	0.357	ambiguous
Q9BXE9	K121F	0.7439	pathogenic
Q9BXE9	K121G	0.5741	pathogenic
Q9BXE9	K121H	0.3712	ambiguous
Q9BXE9	K121I	0.4085	ambiguous
Q9BXE9	K121L	0.3913	ambiguous
Q9BXE9	K121M	0.3328	benign
Q9BXE9	K121N	0.536	ambiguous
Q9BXE9	K121P	0.5612	ambiguous
Q9BXE9	K121Q	0.1846	benign
Q9BXE9	K121R	0.1077	benign
Q9BXE9	K121S	0.575	pathogenic
Q9BXE9	K121T	0.321	benign
Q9BXE9	K121V	0.4801	ambiguous
Q9BXE9	K121W	0.7786	pathogenic
Q9BXE9	K121Y	0.6216	pathogenic
Q9BXE9	L122A	0.1318	benign
Q9BXE9	L122C	0.2469	benign
Q9BXE9	L122D	0.2516	benign
Q9BXE9	L122E	0.1679	benign
Q9BXE9	L122F	0.0939	benign
Q9BXE9	L122G	0.1869	benign
Q9BXE9	L122H	0.1002	benign
Q9BXE9	L122I	0.0853	benign
Q9BXE9	L122K	0.1123	benign
Q9BXE9	L122M	0.1099	benign
Q9BXE9	L122N	0.16	benign
Q9BXE9	L122P	0.0785	benign
Q9BXE9	L122Q	0.0801	benign
Q9BXE9	L122R	0.0737	benign
Q9BXE9	L122S	0.1318	benign
Q9BXE9	L122T	0.118	benign
Q9BXE9	L122V	0.0777	benign
Q9BXE9	L122W	0.0921	benign
Q9BXE9	L122Y	0.1683	benign
Q9BXE9	H123A	0.1902	benign
Q9BXE9	H123C	0.1415	benign
Q9BXE9	H123D	0.1607	benign
Q9BXE9	H123E	0.2053	benign
Q9BXE9	H123F	0.2816	benign
Q9BXE9	H123G	0.2056	benign
Q9BXE9	H123I	0.2327	benign
Q9BXE9	H123K	0.1399	benign
Q9BXE9	H123L	0.1021	benign
Q9BXE9	H123M	0.3683	ambiguous
Q9BXE9	H123N	0.1097	benign
Q9BXE9	H123P	0.0974	benign
Q9BXE9	H123Q	0.124	benign
Q9BXE9	H123R	0.0692	benign
Q9BXE9	H123S	0.1709	benign
Q9BXE9	H123T	0.1918	benign
Q9BXE9	H123V	0.1907	benign
Q9BXE9	H123W	0.2588	benign
Q9BXE9	H123Y	0.0907	benign
Q9BXE9	A124C	0.3082	benign
Q9BXE9	A124D	0.2673	benign
Q9BXE9	A124E	0.3022	benign
Q9BXE9	A124F	0.2295	benign
Q9BXE9	A124G	0.1274	benign
Q9BXE9	A124H	0.376	ambiguous
Q9BXE9	A124I	0.1659	benign
Q9BXE9	A124K	0.3706	ambiguous
Q9BXE9	A124L	0.1454	benign
Q9BXE9	A124M	0.2067	benign
Q9BXE9	A124N	0.2518	benign
Q9BXE9	A124P	0.165	benign
Q9BXE9	A124Q	0.3235	benign
Q9BXE9	A124R	0.2705	benign
Q9BXE9	A124S	0.1004	benign
Q9BXE9	A124T	0.0788	benign
Q9BXE9	A124V	0.1052	benign
Q9BXE9	A124W	0.478	ambiguous
Q9BXE9	A124Y	0.3417	ambiguous
Q9BXE9	H125A	0.1338	benign
Q9BXE9	H125C	0.121	benign
Q9BXE9	H125D	0.1244	benign
Q9BXE9	H125E	0.1681	benign
Q9BXE9	H125F	0.2718	benign
Q9BXE9	H125G	0.1382	benign
Q9BXE9	H125I	0.2322	benign
Q9BXE9	H125K	0.1295	benign
Q9BXE9	H125L	0.0843	benign
Q9BXE9	H125M	0.3421	ambiguous
Q9BXE9	H125N	0.0943	benign
Q9BXE9	H125P	0.0405	benign
Q9BXE9	H125Q	0.1002	benign
Q9BXE9	H125R	0.0621	benign
Q9BXE9	H125S	0.1117	benign
Q9BXE9	H125T	0.1506	benign
Q9BXE9	H125V	0.1628	benign
Q9BXE9	H125W	0.2408	benign
Q9BXE9	H125Y	0.1061	benign
Q9BXE9	K126A	0.21	benign
Q9BXE9	K126C	0.4277	ambiguous
Q9BXE9	K126D	0.3017	benign
Q9BXE9	K126E	0.1283	benign
Q9BXE9	K126F	0.5106	ambiguous
Q9BXE9	K126G	0.1911	benign
Q9BXE9	K126H	0.1907	benign
Q9BXE9	K126I	0.1976	benign
Q9BXE9	K126L	0.2249	benign
Q9BXE9	K126M	0.1926	benign
Q9BXE9	K126N	0.2201	benign
Q9BXE9	K126P	0.2898	benign
Q9BXE9	K126Q	0.1132	benign
Q9BXE9	K126R	0.0635	benign
Q9BXE9	K126S	0.2349	benign
Q9BXE9	K126T	0.1213	benign
Q9BXE9	K126V	0.2097	benign
Q9BXE9	K126W	0.44	ambiguous
Q9BXE9	K126Y	0.3583	ambiguous
Q9BXE9	Y127A	0.318	benign
Q9BXE9	Y127C	0.1162	benign
Q9BXE9	Y127D	0.1449	benign
Q9BXE9	Y127E	0.4243	ambiguous
Q9BXE9	Y127F	0.1355	benign
Q9BXE9	Y127G	0.221	benign
Q9BXE9	Y127H	0.1556	benign
Q9BXE9	Y127I	0.2894	benign
Q9BXE9	Y127K	0.3749	ambiguous
Q9BXE9	Y127L	0.291	benign
Q9BXE9	Y127M	0.4283	ambiguous
Q9BXE9	Y127N	0.1045	benign
Q9BXE9	Y127P	0.4363	ambiguous
Q9BXE9	Y127Q	0.3507	ambiguous
Q9BXE9	Y127R	0.2883	benign
Q9BXE9	Y127S	0.1477	benign
Q9BXE9	Y127T	0.2721	benign
Q9BXE9	Y127V	0.2395	benign
Q9BXE9	Y127W	0.3201	benign
Q9BXE9	I128A	0.2486	benign
Q9BXE9	I128C	0.4933	ambiguous
Q9BXE9	I128D	0.4313	ambiguous
Q9BXE9	I128E	0.3732	ambiguous
Q9BXE9	I128F	0.109	benign
Q9BXE9	I128G	0.3556	ambiguous
Q9BXE9	I128H	0.3047	benign
Q9BXE9	I128K	0.2358	benign
Q9BXE9	I128L	0.0923	benign
Q9BXE9	I128M	0.1028	benign
Q9BXE9	I128N	0.1589	benign
Q9BXE9	I128P	0.2865	benign
Q9BXE9	I128Q	0.257	benign
Q9BXE9	I128R	0.1538	benign
Q9BXE9	I128S	0.1592	benign
Q9BXE9	I128T	0.1431	benign
Q9BXE9	I128V	0.1034	benign
Q9BXE9	I128W	0.5007	ambiguous
Q9BXE9	I128Y	0.3421	ambiguous
Q9BXE9	R129A	0.1553	benign
Q9BXE9	R129C	0.1051	benign
Q9BXE9	R129D	0.1836	benign
Q9BXE9	R129E	0.1721	benign
Q9BXE9	R129F	0.2462	benign
Q9BXE9	R129G	0.0626	benign
Q9BXE9	R129H	0.0861	benign
Q9BXE9	R129I	0.1496	benign
Q9BXE9	R129K	0.1173	benign
Q9BXE9	R129L	0.1304	benign
Q9BXE9	R129M	0.2086	benign
Q9BXE9	R129N	0.1974	benign
Q9BXE9	R129P	0.1333	benign
Q9BXE9	R129Q	0.0882	benign
Q9BXE9	R129S	0.1321	benign
Q9BXE9	R129T	0.1118	benign
Q9BXE9	R129V	0.1763	benign
Q9BXE9	R129W	0.1047	benign
Q9BXE9	R129Y	0.1621	benign
Q9BXE9	S130A	0.0957	benign
Q9BXE9	S130C	0.0773	benign
Q9BXE9	S130D	0.2117	benign
Q9BXE9	S130E	0.3522	ambiguous
Q9BXE9	S130F	0.1505	benign
Q9BXE9	S130G	0.0817	benign
Q9BXE9	S130H	0.1902	benign
Q9BXE9	S130I	0.1077	benign
Q9BXE9	S130K	0.4263	ambiguous
Q9BXE9	S130L	0.1313	benign
Q9BXE9	S130M	0.207	benign
Q9BXE9	S130N	0.1167	benign
Q9BXE9	S130P	0.0744	benign
Q9BXE9	S130Q	0.3509	ambiguous
Q9BXE9	S130R	0.3441	ambiguous
Q9BXE9	S130T	0.09	benign
Q9BXE9	S130V	0.1327	benign
Q9BXE9	S130W	0.1436	benign
Q9BXE9	S130Y	0.1056	benign
Q9BXE9	F131A	0.1787	benign
Q9BXE9	F131C	0.1151	benign
Q9BXE9	F131D	0.2722	benign
Q9BXE9	F131E	0.4387	ambiguous
Q9BXE9	F131G	0.2405	benign
Q9BXE9	F131H	0.2385	benign
Q9BXE9	F131I	0.1141	benign
Q9BXE9	F131K	0.4095	ambiguous
Q9BXE9	F131L	0.4748	ambiguous
Q9BXE9	F131M	0.322	benign
Q9BXE9	F131N	0.2001	benign
Q9BXE9	F131P	0.3405	ambiguous
Q9BXE9	F131Q	0.3759	ambiguous
Q9BXE9	F131R	0.2732	benign
Q9BXE9	F131S	0.1053	benign
Q9BXE9	F131T	0.1737	benign
Q9BXE9	F131V	0.1082	benign
Q9BXE9	F131W	0.1733	benign
Q9BXE9	F131Y	0.1035	benign
Q9BXE9	I132A	0.2215	benign
Q9BXE9	I132C	0.3031	benign
Q9BXE9	I132D	0.3767	ambiguous
Q9BXE9	I132E	0.4854	ambiguous
Q9BXE9	I132F	0.0972	benign
Q9BXE9	I132G	0.3469	ambiguous
Q9BXE9	I132H	0.2329	benign
Q9BXE9	I132K	0.353	ambiguous
Q9BXE9	I132L	0.0776	benign
Q9BXE9	I132M	0.12	benign
Q9BXE9	I132N	0.1234	benign
Q9BXE9	I132P	0.2358	benign
Q9BXE9	I132Q	0.3028	benign
Q9BXE9	I132R	0.2186	benign
Q9BXE9	I132S	0.1131	benign
Q9BXE9	I132T	0.1633	benign
Q9BXE9	I132V	0.1046	benign
Q9BXE9	I132W	0.4716	ambiguous
Q9BXE9	I132Y	0.2521	benign
Q9BXE9	L133A	0.1513	benign
Q9BXE9	L133C	0.3147	benign
Q9BXE9	L133D	0.5404	ambiguous
Q9BXE9	L133E	0.4166	ambiguous
Q9BXE9	L133F	0.1234	benign
Q9BXE9	L133G	0.3092	benign
Q9BXE9	L133H	0.215	benign
Q9BXE9	L133I	0.0904	benign
Q9BXE9	L133K	0.3558	ambiguous
Q9BXE9	L133M	0.1255	benign
Q9BXE9	L133N	0.2829	benign
Q9BXE9	L133P	0.0753	benign
Q9BXE9	L133Q	0.2162	benign
Q9BXE9	L133R	0.2349	benign
Q9BXE9	L133S	0.1785	benign
Q9BXE9	L133T	0.1293	benign
Q9BXE9	L133V	0.0818	benign
Q9BXE9	L133W	0.1899	benign
Q9BXE9	L133Y	0.3272	benign
Q9BXE9	V134A	0.148	benign
Q9BXE9	V134C	0.4593	ambiguous
Q9BXE9	V134D	0.2251	benign
Q9BXE9	V134E	0.328	benign
Q9BXE9	V134F	0.0801	benign
Q9BXE9	V134G	0.1209	benign
Q9BXE9	V134H	0.4148	ambiguous
Q9BXE9	V134I	0.0841	benign
Q9BXE9	V134K	0.403	ambiguous
Q9BXE9	V134L	0.105	benign
Q9BXE9	V134M	0.1653	benign
Q9BXE9	V134N	0.2158	benign
Q9BXE9	V134P	0.1803	benign
Q9BXE9	V134Q	0.3465	ambiguous
Q9BXE9	V134R	0.3256	benign
Q9BXE9	V134S	0.16	benign
Q9BXE9	V134T	0.2139	benign
Q9BXE9	V134W	0.52	ambiguous
Q9BXE9	V134Y	0.3186	benign
Q9BXE9	L135A	0.2062	benign
Q9BXE9	L135C	0.3626	ambiguous
Q9BXE9	L135D	0.603	pathogenic
Q9BXE9	L135E	0.427	ambiguous
Q9BXE9	L135F	0.0833	benign
Q9BXE9	L135G	0.3374	benign
Q9BXE9	L135H	0.2324	benign
Q9BXE9	L135I	0.1148	benign
Q9BXE9	L135K	0.3776	ambiguous
Q9BXE9	L135M	0.1445	benign
Q9BXE9	L135N	0.3592	ambiguous
Q9BXE9	L135P	0.1513	benign
Q9BXE9	L135Q	0.1947	benign
Q9BXE9	L135R	0.2405	benign
Q9BXE9	L135S	0.1778	benign
Q9BXE9	L135T	0.1986	benign
Q9BXE9	L135V	0.1168	benign
Q9BXE9	L135W	0.1583	benign
Q9BXE9	L135Y	0.3232	benign
Q9BXE9	C136A	0.3962	ambiguous
Q9BXE9	C136D	0.5944	pathogenic
Q9BXE9	C136E	0.7848	pathogenic
Q9BXE9	C136F	0.1552	benign
Q9BXE9	C136G	0.1509	benign
Q9BXE9	C136H	0.4937	ambiguous
Q9BXE9	C136I	0.4148	ambiguous
Q9BXE9	C136K	0.8078	pathogenic
Q9BXE9	C136L	0.3131	benign
Q9BXE9	C136M	0.63	pathogenic
Q9BXE9	C136N	0.4673	ambiguous
Q9BXE9	C136P	0.4888	ambiguous
Q9BXE9	C136Q	0.6454	pathogenic
Q9BXE9	C136R	0.486	ambiguous
Q9BXE9	C136S	0.2348	benign
Q9BXE9	C136T	0.4423	ambiguous
Q9BXE9	C136V	0.392	ambiguous
Q9BXE9	C136W	0.3326	benign
Q9BXE9	C136Y	0.2503	benign
Q9BXE9	W137A	0.5182	ambiguous
Q9BXE9	W137C	0.5456	ambiguous
Q9BXE9	W137D	0.8334	pathogenic
Q9BXE9	W137E	0.8001	pathogenic
Q9BXE9	W137F	0.2689	benign
Q9BXE9	W137G	0.2213	benign
Q9BXE9	W137H	0.7494	pathogenic
Q9BXE9	W137I	0.5664	pathogenic
Q9BXE9	W137K	0.8561	pathogenic
Q9BXE9	W137L	0.3268	benign
Q9BXE9	W137M	0.6465	pathogenic
Q9BXE9	W137N	0.7844	pathogenic
Q9BXE9	W137P	0.7836	pathogenic
Q9BXE9	W137Q	0.7934	pathogenic
Q9BXE9	W137R	0.7085	pathogenic
Q9BXE9	W137S	0.3348	benign
Q9BXE9	W137T	0.5232	ambiguous
Q9BXE9	W137V	0.4573	ambiguous
Q9BXE9	W137Y	0.4967	ambiguous
Q9BXE9	I138A	0.2988	benign
Q9BXE9	I138C	0.3978	ambiguous
Q9BXE9	I138D	0.5924	pathogenic
Q9BXE9	I138E	0.5932	pathogenic
Q9BXE9	I138F	0.1132	benign
Q9BXE9	I138G	0.3852	ambiguous
Q9BXE9	I138H	0.4326	ambiguous
Q9BXE9	I138K	0.4137	ambiguous
Q9BXE9	I138L	0.0861	benign
Q9BXE9	I138M	0.0947	benign
Q9BXE9	I138N	0.1597	benign
Q9BXE9	I138P	0.6381	pathogenic
Q9BXE9	I138Q	0.4552	ambiguous
Q9BXE9	I138R	0.3239	benign
Q9BXE9	I138S	0.1781	benign
Q9BXE9	I138T	0.2248	benign
Q9BXE9	I138V	0.105	benign
Q9BXE9	I138W	0.6295	pathogenic
Q9BXE9	I138Y	0.3615	ambiguous
Q9BXE9	L139A	0.2453	benign
Q9BXE9	L139C	0.3978	ambiguous
Q9BXE9	L139D	0.6809	pathogenic
Q9BXE9	L139E	0.4472	ambiguous
Q9BXE9	L139F	0.1223	benign
Q9BXE9	L139G	0.3979	ambiguous
Q9BXE9	L139H	0.2759	benign
Q9BXE9	L139I	0.114	benign
Q9BXE9	L139K	0.3598	ambiguous
Q9BXE9	L139M	0.1368	benign
Q9BXE9	L139N	0.4256	ambiguous
Q9BXE9	L139P	0.1662	benign
Q9BXE9	L139Q	0.1715	benign
Q9BXE9	L139R	0.2378	benign
Q9BXE9	L139S	0.2346	benign
Q9BXE9	L139T	0.2206	benign
Q9BXE9	L139V	0.1118	benign
Q9BXE9	L139W	0.1836	benign
Q9BXE9	L139Y	0.42	ambiguous
Q9BXE9	N140A	0.291	benign
Q9BXE9	N140C	0.2222	benign
Q9BXE9	N140D	0.2178	benign
Q9BXE9	N140E	0.4991	ambiguous
Q9BXE9	N140F	0.4316	ambiguous
Q9BXE9	N140G	0.3146	benign
Q9BXE9	N140H	0.1033	benign
Q9BXE9	N140I	0.2059	benign
Q9BXE9	N140K	0.4706	ambiguous
Q9BXE9	N140L	0.2269	benign
Q9BXE9	N140M	0.3594	ambiguous
Q9BXE9	N140P	0.3548	ambiguous
Q9BXE9	N140Q	0.374	ambiguous
Q9BXE9	N140R	0.4618	ambiguous
Q9BXE9	N140S	0.1021	benign
Q9BXE9	N140T	0.1927	benign
Q9BXE9	N140V	0.2493	benign
Q9BXE9	N140W	0.6565	pathogenic
Q9BXE9	N140Y	0.1261	benign
Q9BXE9	T141A	0.0881	benign
Q9BXE9	T141C	0.2688	benign
Q9BXE9	T141D	0.4441	ambiguous
Q9BXE9	T141E	0.4241	ambiguous
Q9BXE9	T141F	0.1441	benign
Q9BXE9	T141G	0.2024	benign
Q9BXE9	T141H	0.2813	benign
Q9BXE9	T141I	0.0896	benign
Q9BXE9	T141K	0.3162	benign
Q9BXE9	T141L	0.0611	benign
Q9BXE9	T141M	0.0527	benign
Q9BXE9	T141N	0.1647	benign
Q9BXE9	T141P	0.1533	benign
Q9BXE9	T141Q	0.3112	benign
Q9BXE9	T141R	0.2498	benign
Q9BXE9	T141S	0.1246	benign
Q9BXE9	T141V	0.0927	benign
Q9BXE9	T141W	0.4232	ambiguous
Q9BXE9	T141Y	0.2467	benign
Q9BXE9	L142A	0.1167	benign
Q9BXE9	L142C	0.3536	ambiguous
Q9BXE9	L142D	0.6106	pathogenic
Q9BXE9	L142E	0.3847	ambiguous
Q9BXE9	L142F	0.1082	benign
Q9BXE9	L142G	0.3148	benign
Q9BXE9	L142H	0.2604	benign
Q9BXE9	L142I	0.0991	benign
Q9BXE9	L142K	0.3385	benign
Q9BXE9	L142M	0.1024	benign
Q9BXE9	L142N	0.375	ambiguous
Q9BXE9	L142P	0.2119	benign
Q9BXE9	L142Q	0.2008	benign
Q9BXE9	L142R	0.2492	benign
Q9BXE9	L142S	0.1484	benign
Q9BXE9	L142T	0.124	benign
Q9BXE9	L142V	0.085	benign
Q9BXE9	L142W	0.1932	benign
Q9BXE9	L142Y	0.3564	ambiguous
Q9BXE9	V143A	0.1595	benign
Q9BXE9	V143C	0.5214	ambiguous
Q9BXE9	V143D	0.3068	benign
Q9BXE9	V143E	0.2966	benign
Q9BXE9	V143F	0.1355	benign
Q9BXE9	V143G	0.126	benign
Q9BXE9	V143H	0.503	ambiguous
Q9BXE9	V143I	0.0995	benign
Q9BXE9	V143K	0.3796	ambiguous
Q9BXE9	V143L	0.1236	benign
Q9BXE9	V143M	0.1753	benign
Q9BXE9	V143N	0.3173	benign
Q9BXE9	V143P	0.3732	ambiguous
Q9BXE9	V143Q	0.2954	benign
Q9BXE9	V143R	0.2818	benign
Q9BXE9	V143S	0.2226	benign
Q9BXE9	V143T	0.2531	benign
Q9BXE9	V143W	0.5498	ambiguous
Q9BXE9	V143Y	0.427	ambiguous
Q9BXE9	N144A	0.4229	ambiguous
Q9BXE9	N144C	0.3047	benign
Q9BXE9	N144D	0.2463	benign
Q9BXE9	N144E	0.5989	pathogenic
Q9BXE9	N144F	0.5912	pathogenic
Q9BXE9	N144G	0.4203	ambiguous
Q9BXE9	N144H	0.1664	benign
Q9BXE9	N144I	0.3298	benign
Q9BXE9	N144K	0.5876	pathogenic
Q9BXE9	N144L	0.3807	ambiguous
Q9BXE9	N144M	0.468	ambiguous
Q9BXE9	N144P	0.5781	pathogenic
Q9BXE9	N144Q	0.5449	ambiguous
Q9BXE9	N144R	0.5641	pathogenic
Q9BXE9	N144S	0.1216	benign
Q9BXE9	N144T	0.2498	benign
Q9BXE9	N144V	0.3918	ambiguous
Q9BXE9	N144W	0.7625	pathogenic
Q9BXE9	N144Y	0.196	benign
Q9BXE9	I145A	0.2056	benign
Q9BXE9	I145C	0.4429	ambiguous
Q9BXE9	I145D	0.4513	ambiguous
Q9BXE9	I145E	0.4584	ambiguous
Q9BXE9	I145F	0.1043	benign
Q9BXE9	I145G	0.3446	ambiguous
Q9BXE9	I145H	0.3825	ambiguous
Q9BXE9	I145K	0.3116	benign
Q9BXE9	I145L	0.121	benign
Q9BXE9	I145M	0.0927	benign
Q9BXE9	I145N	0.1346	benign
Q9BXE9	I145P	0.5639	ambiguous
Q9BXE9	I145Q	0.3781	ambiguous
Q9BXE9	I145R	0.2236	benign
Q9BXE9	I145S	0.1301	benign
Q9BXE9	I145T	0.1241	benign
Q9BXE9	I145V	0.0853	benign
Q9BXE9	I145W	0.5634	ambiguous
Q9BXE9	I145Y	0.3361	benign
Q9BXE9	T146A	0.0842	benign
Q9BXE9	T146C	0.3261	benign
Q9BXE9	T146D	0.2351	benign
Q9BXE9	T146E	0.259	benign
Q9BXE9	T146F	0.1844	benign
Q9BXE9	T146G	0.1893	benign
Q9BXE9	T146H	0.1877	benign
Q9BXE9	T146I	0.1298	benign
Q9BXE9	T146K	0.1829	benign
Q9BXE9	T146L	0.1107	benign
Q9BXE9	T146M	0.0961	benign
Q9BXE9	T146N	0.1123	benign
Q9BXE9	T146P	0.068	benign
Q9BXE9	T146Q	0.2247	benign
Q9BXE9	T146R	0.1321	benign
Q9BXE9	T146S	0.1081	benign
Q9BXE9	T146V	0.1338	benign
Q9BXE9	T146W	0.3459	ambiguous
Q9BXE9	T146Y	0.1853	benign
Q9BXE9	V147A	0.2357	benign
Q9BXE9	V147C	0.645	pathogenic
Q9BXE9	V147D	0.296	benign
Q9BXE9	V147E	0.4152	ambiguous
Q9BXE9	V147F	0.1438	benign
Q9BXE9	V147G	0.2345	benign
Q9BXE9	V147H	0.5816	pathogenic
Q9BXE9	V147I	0.0886	benign
Q9BXE9	V147K	0.5578	ambiguous
Q9BXE9	V147L	0.2104	benign
Q9BXE9	V147M	0.202	benign
Q9BXE9	V147N	0.2839	benign
Q9BXE9	V147P	0.4549	ambiguous
Q9BXE9	V147Q	0.4767	ambiguous
Q9BXE9	V147R	0.4328	ambiguous
Q9BXE9	V147S	0.2503	benign
Q9BXE9	V147T	0.2799	benign
Q9BXE9	V147W	0.7312	pathogenic
Q9BXE9	V147Y	0.4507	ambiguous
Q9BXE9	L148A	0.1728	benign
Q9BXE9	L148C	0.4159	ambiguous
Q9BXE9	L148D	0.6237	pathogenic
Q9BXE9	L148E	0.5491	ambiguous
Q9BXE9	L148F	0.1306	benign
Q9BXE9	L148G	0.4243	ambiguous
Q9BXE9	L148H	0.2713	benign
Q9BXE9	L148I	0.1036	benign
Q9BXE9	L148K	0.4125	ambiguous
Q9BXE9	L148M	0.1575	benign
Q9BXE9	L148N	0.3853	ambiguous
Q9BXE9	L148P	0.0562	benign
Q9BXE9	L148Q	0.2796	benign
Q9BXE9	L148R	0.2762	benign
Q9BXE9	L148S	0.234	benign
Q9BXE9	L148T	0.2026	benign
Q9BXE9	L148V	0.1069	benign
Q9BXE9	L148W	0.2469	benign
Q9BXE9	L148Y	0.3605	ambiguous
Q9BXE9	L149A	0.1701	benign
Q9BXE9	L149C	0.3639	ambiguous
Q9BXE9	L149D	0.363	ambiguous
Q9BXE9	L149E	0.1896	benign
Q9BXE9	L149F	0.1079	benign
Q9BXE9	L149G	0.2461	benign
Q9BXE9	L149H	0.1451	benign
Q9BXE9	L149I	0.1048	benign
Q9BXE9	L149K	0.1241	benign
Q9BXE9	L149M	0.1136	benign
Q9BXE9	L149N	0.231	benign
Q9BXE9	L149P	0.1155	benign
Q9BXE9	L149Q	0.092	benign
Q9BXE9	L149R	0.0968	benign
Q9BXE9	L149S	0.1543	benign
Q9BXE9	L149T	0.1427	benign
Q9BXE9	L149V	0.0956	benign
Q9BXE9	L149W	0.1096	benign
Q9BXE9	L149Y	0.232	benign
Q9BXE9	H150A	0.241	benign
Q9BXE9	H150C	0.1876	benign
Q9BXE9	H150D	0.1581	benign
Q9BXE9	H150E	0.2342	benign
Q9BXE9	H150F	0.2426	benign
Q9BXE9	H150G	0.2332	benign
Q9BXE9	H150I	0.2761	benign
Q9BXE9	H150K	0.2168	benign
Q9BXE9	H150L	0.129	benign
Q9BXE9	H150M	0.4074	ambiguous
Q9BXE9	H150N	0.1142	benign
Q9BXE9	H150P	0.1691	benign
Q9BXE9	H150Q	0.1669	benign
Q9BXE9	H150R	0.099	benign
Q9BXE9	H150S	0.1919	benign
Q9BXE9	H150T	0.2521	benign
Q9BXE9	H150V	0.2285	benign
Q9BXE9	H150W	0.2588	benign
Q9BXE9	H150Y	0.0832	benign
Q9BXE9	V151A	0.2805	benign
Q9BXE9	V151C	0.7238	pathogenic
Q9BXE9	V151D	0.3969	ambiguous
Q9BXE9	V151E	0.3116	benign
Q9BXE9	V151F	0.198	benign
Q9BXE9	V151G	0.2601	benign
Q9BXE9	V151H	0.6357	pathogenic
Q9BXE9	V151I	0.1008	benign
Q9BXE9	V151K	0.3945	ambiguous
Q9BXE9	V151L	0.241	benign
Q9BXE9	V151M	0.1287	benign
Q9BXE9	V151N	0.4178	ambiguous
Q9BXE9	V151P	0.6746	pathogenic
Q9BXE9	V151Q	0.3469	ambiguous
Q9BXE9	V151R	0.3178	benign
Q9BXE9	V151S	0.3505	ambiguous
Q9BXE9	V151T	0.2866	benign
Q9BXE9	V151W	0.7561	pathogenic
Q9BXE9	V151Y	0.5739	pathogenic
Q9BXE9	T152A	0.0999	benign
Q9BXE9	T152C	0.4872	ambiguous
Q9BXE9	T152D	0.2849	benign
Q9BXE9	T152E	0.2301	benign
Q9BXE9	T152F	0.2709	benign
Q9BXE9	T152G	0.2405	benign
Q9BXE9	T152H	0.2356	benign
Q9BXE9	T152I	0.2081	benign
Q9BXE9	T152K	0.1548	benign
Q9BXE9	T152L	0.1686	benign
Q9BXE9	T152M	0.1224	benign
Q9BXE9	T152N	0.1344	benign
Q9BXE9	T152P	0.1627	benign
Q9BXE9	T152Q	0.1975	benign
Q9BXE9	T152R	0.1017	benign
Q9BXE9	T152S	0.1206	benign
Q9BXE9	T152V	0.2068	benign
Q9BXE9	T152W	0.4666	ambiguous
Q9BXE9	T152Y	0.2745	benign
Q9BXE9	G153A	0.1501	benign
Q9BXE9	G153C	0.2651	benign
Q9BXE9	G153D	0.1935	benign
Q9BXE9	G153E	0.227	benign
Q9BXE9	G153F	0.6519	pathogenic
Q9BXE9	G153H	0.4147	ambiguous
Q9BXE9	G153I	0.4018	ambiguous
Q9BXE9	G153K	0.4453	ambiguous
Q9BXE9	G153L	0.489	ambiguous
Q9BXE9	G153M	0.5719	pathogenic
Q9BXE9	G153N	0.3679	ambiguous
Q9BXE9	G153P	0.6896	pathogenic
Q9BXE9	G153Q	0.3409	ambiguous
Q9BXE9	G153R	0.2407	benign
Q9BXE9	G153S	0.1143	benign
Q9BXE9	G153T	0.2539	benign
Q9BXE9	G153V	0.2619	benign
Q9BXE9	G153W	0.3481	ambiguous
Q9BXE9	G153Y	0.4473	ambiguous
Q9BXE9	K154A	0.3307	benign
Q9BXE9	K154C	0.6862	pathogenic
Q9BXE9	K154D	0.3825	ambiguous
Q9BXE9	K154E	0.1505	benign
Q9BXE9	K154F	0.6065	pathogenic
Q9BXE9	K154G	0.367	ambiguous
Q9BXE9	K154H	0.2968	benign
Q9BXE9	K154I	0.2405	benign
Q9BXE9	K154L	0.2853	benign
Q9BXE9	K154M	0.2202	benign
Q9BXE9	K154N	0.2633	benign
Q9BXE9	K154P	0.4326	ambiguous
Q9BXE9	K154Q	0.1446	benign
Q9BXE9	K154R	0.0793	benign
Q9BXE9	K154S	0.333	benign
Q9BXE9	K154T	0.1799	benign
Q9BXE9	K154V	0.2866	benign
Q9BXE9	K154W	0.6547	pathogenic
Q9BXE9	K154Y	0.459	ambiguous
Q9BXE9	W155A	0.2226	benign
Q9BXE9	W155C	0.3314	benign
Q9BXE9	W155D	0.2788	benign
Q9BXE9	W155E	0.2551	benign
Q9BXE9	W155F	0.2122	benign
Q9BXE9	W155G	0.1037	benign
Q9BXE9	W155H	0.2952	benign
Q9BXE9	W155I	0.2859	benign
Q9BXE9	W155K	0.2293	benign
Q9BXE9	W155L	0.1684	benign
Q9BXE9	W155M	0.2844	benign
Q9BXE9	W155N	0.2869	benign
Q9BXE9	W155P	0.4119	ambiguous
Q9BXE9	W155Q	0.2451	benign
Q9BXE9	W155R	0.1716	benign
Q9BXE9	W155S	0.1568	benign
Q9BXE9	W155T	0.2069	benign
Q9BXE9	W155V	0.2226	benign
Q9BXE9	W155Y	0.2317	benign
Q9BXE9	N156A	0.2219	benign
Q9BXE9	N156C	0.2883	benign
Q9BXE9	N156D	0.1191	benign
Q9BXE9	N156E	0.2445	benign
Q9BXE9	N156F	0.3915	ambiguous
Q9BXE9	N156G	0.2415	benign
Q9BXE9	N156H	0.1057	benign
Q9BXE9	N156I	0.1414	benign
Q9BXE9	N156K	0.1733	benign
Q9BXE9	N156L	0.2046	benign
Q9BXE9	N156M	0.2722	benign
Q9BXE9	N156P	0.4451	ambiguous
Q9BXE9	N156Q	0.2471	benign
Q9BXE9	N156R	0.1741	benign
Q9BXE9	N156S	0.1031	benign
Q9BXE9	N156T	0.1446	benign
Q9BXE9	N156V	0.1857	benign
Q9BXE9	N156W	0.5406	ambiguous
Q9BXE9	N156Y	0.1124	benign
Q9BXE9	S157A	0.1052	benign
Q9BXE9	S157C	0.1085	benign
Q9BXE9	S157D	0.1413	benign
Q9BXE9	S157E	0.2568	benign
Q9BXE9	S157F	0.2062	benign
Q9BXE9	S157G	0.0762	benign
Q9BXE9	S157H	0.1541	benign
Q9BXE9	S157I	0.1111	benign
Q9BXE9	S157K	0.2887	benign
Q9BXE9	S157L	0.1376	benign
Q9BXE9	S157M	0.2019	benign
Q9BXE9	S157N	0.0856	benign
Q9BXE9	S157P	0.2115	benign
Q9BXE9	S157Q	0.273	benign
Q9BXE9	S157R	0.1929	benign
Q9BXE9	S157T	0.0858	benign
Q9BXE9	S157V	0.1521	benign
Q9BXE9	S157W	0.2008	benign
Q9BXE9	S157Y	0.129	benign
Q9BXE9	I158A	0.1321	benign
Q9BXE9	I158C	0.3934	ambiguous
Q9BXE9	I158D	0.1914	benign
Q9BXE9	I158E	0.1515	benign
Q9BXE9	I158F	0.104	benign
Q9BXE9	I158G	0.2321	benign
Q9BXE9	I158H	0.1598	benign
Q9BXE9	I158K	0.0733	benign
Q9BXE9	I158L	0.0929	benign
Q9BXE9	I158M	0.0854	benign
Q9BXE9	I158N	0.0738	benign
Q9BXE9	I158P	0.2224	benign
Q9BXE9	I158Q	0.1129	benign
Q9BXE9	I158R	0.0569	benign
Q9BXE9	I158S	0.0943	benign
Q9BXE9	I158T	0.0926	benign
Q9BXE9	I158V	0.0788	benign
Q9BXE9	I158W	0.3616	ambiguous
Q9BXE9	I158Y	0.2117	benign
Q9BXE9	N159A	0.2761	benign
Q9BXE9	N159C	0.3662	ambiguous
Q9BXE9	N159D	0.1971	benign
Q9BXE9	N159E	0.4453	ambiguous
Q9BXE9	N159F	0.4949	ambiguous
Q9BXE9	N159G	0.3254	benign
Q9BXE9	N159H	0.163	benign
Q9BXE9	N159I	0.2079	benign
Q9BXE9	N159K	0.3797	ambiguous
Q9BXE9	N159L	0.2453	benign
Q9BXE9	N159M	0.424	ambiguous
Q9BXE9	N159P	0.3595	ambiguous
Q9BXE9	N159Q	0.454	ambiguous
Q9BXE9	N159R	0.3067	benign
Q9BXE9	N159S	0.0976	benign
Q9BXE9	N159T	0.1566	benign
Q9BXE9	N159V	0.273	benign
Q9BXE9	N159W	0.6396	pathogenic
Q9BXE9	N159Y	0.1764	benign
Q9BXE9	S160A	0.0924	benign
Q9BXE9	S160C	0.1142	benign
Q9BXE9	S160D	0.1287	benign
Q9BXE9	S160E	0.2157	benign
Q9BXE9	S160F	0.1799	benign
Q9BXE9	S160G	0.0787	benign
Q9BXE9	S160H	0.1537	benign
Q9BXE9	S160I	0.0967	benign
Q9BXE9	S160K	0.2463	benign
Q9BXE9	S160L	0.1255	benign
Q9BXE9	S160M	0.1853	benign
Q9BXE9	S160N	0.0877	benign
Q9BXE9	S160P	0.2129	benign
Q9BXE9	S160Q	0.2434	benign
Q9BXE9	S160R	0.1831	benign
Q9BXE9	S160T	0.0811	benign
Q9BXE9	S160V	0.1324	benign
Q9BXE9	S160W	0.2049	benign
Q9BXE9	S160Y	0.1134	benign
Q9BXE9	T161A	0.112	benign
Q9BXE9	T161C	0.5944	pathogenic
Q9BXE9	T161D	0.2858	benign
Q9BXE9	T161E	0.2627	benign
Q9BXE9	T161F	0.332	benign
Q9BXE9	T161G	0.222	benign
Q9BXE9	T161H	0.3149	benign
Q9BXE9	T161I	0.2636	benign
Q9BXE9	T161K	0.2007	benign
Q9BXE9	T161L	0.1744	benign
Q9BXE9	T161M	0.1359	benign
Q9BXE9	T161N	0.1741	benign
Q9BXE9	T161P	0.1207	benign
Q9BXE9	T161Q	0.2325	benign
Q9BXE9	T161R	0.1321	benign
Q9BXE9	T161S	0.1217	benign
Q9BXE9	T161V	0.2424	benign
Q9BXE9	T161W	0.4837	ambiguous
Q9BXE9	T161Y	0.3439	ambiguous
Q9BXE9	K162A	0.1492	benign
Q9BXE9	K162C	0.4998	ambiguous
Q9BXE9	K162D	0.1794	benign
Q9BXE9	K162E	0.0771	benign
Q9BXE9	K162F	0.3932	ambiguous
Q9BXE9	K162G	0.1854	benign
Q9BXE9	K162H	0.192	benign
Q9BXE9	K162I	0.1512	benign
Q9BXE9	K162L	0.191	benign
Q9BXE9	K162M	0.1257	benign
Q9BXE9	K162N	0.1529	benign
Q9BXE9	K162P	0.3851	ambiguous
Q9BXE9	K162Q	0.0953	benign
Q9BXE9	K162R	0.0673	benign
Q9BXE9	K162S	0.1741	benign
Q9BXE9	K162T	0.0955	benign
Q9BXE9	K162V	0.1442	benign
Q9BXE9	K162W	0.4436	ambiguous
Q9BXE9	K162Y	0.2853	benign
Q9BXE9	T163A	0.0787	benign
Q9BXE9	T163C	0.3805	ambiguous
Q9BXE9	T163D	0.1722	benign
Q9BXE9	T163E	0.1213	benign
Q9BXE9	T163F	0.1904	benign
Q9BXE9	T163G	0.1578	benign
Q9BXE9	T163H	0.1659	benign
Q9BXE9	T163I	0.102	benign
Q9BXE9	T163K	0.0854	benign
Q9BXE9	T163L	0.0978	benign
Q9BXE9	T163M	0.0846	benign
Q9BXE9	T163N	0.0848	benign
Q9BXE9	T163P	0.099	benign
Q9BXE9	T163Q	0.1222	benign
Q9BXE9	T163R	0.072	benign
Q9BXE9	T163S	0.104	benign
Q9BXE9	T163V	0.1147	benign
Q9BXE9	T163W	0.2926	benign
Q9BXE9	T163Y	0.1604	benign
Q9BXE9	N164A	0.1309	benign
Q9BXE9	N164C	0.2412	benign
Q9BXE9	N164D	0.0967	benign
Q9BXE9	N164E	0.1821	benign
Q9BXE9	N164F	0.3052	benign
Q9BXE9	N164G	0.1945	benign
Q9BXE9	N164H	0.0894	benign
Q9BXE9	N164I	0.1087	benign
Q9BXE9	N164K	0.1246	benign
Q9BXE9	N164L	0.1412	benign
Q9BXE9	N164M	0.1817	benign
Q9BXE9	N164P	0.3063	benign
Q9BXE9	N164Q	0.1856	benign
Q9BXE9	N164R	0.1169	benign
Q9BXE9	N164S	0.0744	benign
Q9BXE9	N164T	0.0923	benign
Q9BXE9	N164V	0.121	benign
Q9BXE9	N164W	0.3936	ambiguous
Q9BXE9	N164Y	0.0961	benign
Q9BXE9	D165A	0.1613	benign
Q9BXE9	D165C	0.421	ambiguous
Q9BXE9	D165E	0.2451	benign
Q9BXE9	D165F	0.4143	ambiguous
Q9BXE9	D165G	0.1458	benign
Q9BXE9	D165H	0.1726	benign
Q9BXE9	D165I	0.1979	benign
Q9BXE9	D165K	0.2766	benign
Q9BXE9	D165L	0.2787	benign
Q9BXE9	D165M	0.5492	ambiguous
Q9BXE9	D165N	0.11	benign
Q9BXE9	D165P	0.4776	ambiguous
Q9BXE9	D165Q	0.2845	benign
Q9BXE9	D165R	0.2091	benign
Q9BXE9	D165S	0.1319	benign
Q9BXE9	D165T	0.2063	benign
Q9BXE9	D165V	0.1379	benign
Q9BXE9	D165W	0.6815	pathogenic
Q9BXE9	D165Y	0.1141	benign
Q9BXE9	Y166A	0.3055	benign
Q9BXE9	Y166C	0.1404	benign
Q9BXE9	Y166D	0.1228	benign
Q9BXE9	Y166E	0.4167	ambiguous
Q9BXE9	Y166F	0.1064	benign
Q9BXE9	Y166G	0.2491	benign
Q9BXE9	Y166H	0.1708	benign
Q9BXE9	Y166I	0.2697	benign
Q9BXE9	Y166K	0.3771	ambiguous
Q9BXE9	Y166L	0.2291	benign
Q9BXE9	Y166M	0.3821	ambiguous
Q9BXE9	Y166N	0.1304	benign
Q9BXE9	Y166P	0.4488	ambiguous
Q9BXE9	Y166Q	0.3496	ambiguous
Q9BXE9	Y166R	0.2669	benign
Q9BXE9	Y166S	0.145	benign
Q9BXE9	Y166T	0.2531	benign
Q9BXE9	Y166V	0.2239	benign
Q9BXE9	Y166W	0.278	benign
Q9BXE9	G167A	0.1596	benign
Q9BXE9	G167C	0.2739	benign
Q9BXE9	G167D	0.2688	benign
Q9BXE9	G167E	0.188	benign
Q9BXE9	G167F	0.5249	ambiguous
Q9BXE9	G167H	0.3473	ambiguous
Q9BXE9	G167I	0.2197	benign
Q9BXE9	G167K	0.2663	benign
Q9BXE9	G167L	0.3275	benign
Q9BXE9	G167M	0.4191	ambiguous
Q9BXE9	G167N	0.4013	ambiguous
Q9BXE9	G167P	0.6238	pathogenic
Q9BXE9	G167Q	0.2283	benign
Q9BXE9	G167R	0.1521	benign
Q9BXE9	G167S	0.1487	benign
Q9BXE9	G167T	0.2186	benign
Q9BXE9	G167V	0.1694	benign
Q9BXE9	G167W	0.2653	benign
Q9BXE9	G167Y	0.3761	ambiguous
Q9BXE9	Y168A	0.5036	ambiguous
Q9BXE9	Y168C	0.1951	benign
Q9BXE9	Y168D	0.2601	benign
Q9BXE9	Y168E	0.6503	pathogenic
Q9BXE9	Y168F	0.1074	benign
Q9BXE9	Y168G	0.4086	ambiguous
Q9BXE9	Y168H	0.2716	benign
Q9BXE9	Y168I	0.3103	benign
Q9BXE9	Y168K	0.6015	pathogenic
Q9BXE9	Y168L	0.341	ambiguous
Q9BXE9	Y168M	0.5537	ambiguous
Q9BXE9	Y168N	0.2205	benign
Q9BXE9	Y168P	0.5624	ambiguous
Q9BXE9	Y168Q	0.5753	pathogenic
Q9BXE9	Y168R	0.4883	ambiguous
Q9BXE9	Y168S	0.2614	benign
Q9BXE9	Y168T	0.4469	ambiguous
Q9BXE9	Y168V	0.2993	benign
Q9BXE9	Y168W	0.3392	benign
Q9BXE9	C169A	0.6442	pathogenic
Q9BXE9	C169D	0.7667	pathogenic
Q9BXE9	C169E	0.8833	pathogenic
Q9BXE9	C169F	0.2935	benign
Q9BXE9	C169G	0.3519	ambiguous
Q9BXE9	C169H	0.6143	pathogenic
Q9BXE9	C169I	0.6164	pathogenic
Q9BXE9	C169K	0.8635	pathogenic
Q9BXE9	C169L	0.5656	pathogenic
Q9BXE9	C169M	0.8189	pathogenic
Q9BXE9	C169N	0.7433	pathogenic
Q9BXE9	C169P	0.7448	pathogenic
Q9BXE9	C169Q	0.7886	pathogenic
Q9BXE9	C169R	0.4817	ambiguous
Q9BXE9	C169S	0.4989	ambiguous
Q9BXE9	C169T	0.71	pathogenic
Q9BXE9	C169V	0.5922	pathogenic
Q9BXE9	C169W	0.5577	ambiguous
Q9BXE9	C169Y	0.3873	ambiguous
Q9BXE9	S170A	0.0986	benign
Q9BXE9	S170C	0.1199	benign
Q9BXE9	S170D	0.3066	benign
Q9BXE9	S170E	0.3872	ambiguous
Q9BXE9	S170F	0.1348	benign
Q9BXE9	S170G	0.1125	benign
Q9BXE9	S170H	0.2314	benign
Q9BXE9	S170I	0.1685	benign
Q9BXE9	S170K	0.4725	ambiguous
Q9BXE9	S170L	0.1263	benign
Q9BXE9	S170M	0.2679	benign
Q9BXE9	S170N	0.2088	benign
Q9BXE9	S170P	0.1511	benign
Q9BXE9	S170Q	0.3832	ambiguous
Q9BXE9	S170R	0.3259	benign
Q9BXE9	S170T	0.0962	benign
Q9BXE9	S170V	0.1757	benign
Q9BXE9	S170W	0.1633	benign
Q9BXE9	S170Y	0.1246	benign
Q9BXE9	G171A	0.0929	benign
Q9BXE9	G171C	0.1946	benign
Q9BXE9	G171D	0.1463	benign
Q9BXE9	G171E	0.1454	benign
Q9BXE9	G171F	0.3115	benign
Q9BXE9	G171H	0.2559	benign
Q9BXE9	G171I	0.1692	benign
Q9BXE9	G171K	0.2665	benign
Q9BXE9	G171L	0.2325	benign
Q9BXE9	G171M	0.3186	benign
Q9BXE9	G171N	0.2461	benign
Q9BXE9	G171P	0.4287	ambiguous
Q9BXE9	G171Q	0.2404	benign
Q9BXE9	G171R	0.1534	benign
Q9BXE9	G171S	0.0887	benign
Q9BXE9	G171T	0.1111	benign
Q9BXE9	G171V	0.1196	benign
Q9BXE9	G171W	0.1913	benign
Q9BXE9	G171Y	0.2563	benign
Q9BXE9	G172A	0.0847	benign
Q9BXE9	G172C	0.1516	benign
Q9BXE9	G172D	0.0816	benign
Q9BXE9	G172E	0.082	benign
Q9BXE9	G172F	0.1882	benign
Q9BXE9	G172H	0.1455	benign
Q9BXE9	G172I	0.095	benign
Q9BXE9	G172K	0.1331	benign
Q9BXE9	G172L	0.1515	benign
Q9BXE9	G172M	0.2004	benign
Q9BXE9	G172N	0.1348	benign
Q9BXE9	G172P	0.2439	benign
Q9BXE9	G172Q	0.1317	benign
Q9BXE9	G172R	0.0939	benign
Q9BXE9	G172S	0.0813	benign
Q9BXE9	G172T	0.0884	benign
Q9BXE9	G172V	0.077	benign
Q9BXE9	G172W	0.1485	benign
Q9BXE9	G172Y	0.1546	benign
Q9BXE9	S173A	0.0908	benign
Q9BXE9	S173C	0.0989	benign
Q9BXE9	S173D	0.1158	benign
Q9BXE9	S173E	0.1618	benign
Q9BXE9	S173F	0.127	benign
Q9BXE9	S173G	0.0642	benign
Q9BXE9	S173H	0.1187	benign
Q9BXE9	S173I	0.0942	benign
Q9BXE9	S173K	0.1759	benign
Q9BXE9	S173L	0.1044	benign
Q9BXE9	S173M	0.1822	benign
Q9BXE9	S173N	0.0864	benign
Q9BXE9	S173P	0.089	benign
Q9BXE9	S173Q	0.1614	benign
Q9BXE9	S173R	0.1252	benign
Q9BXE9	S173T	0.0898	benign
Q9BXE9	S173V	0.1112	benign
Q9BXE9	S173W	0.1172	benign
Q9BXE9	S173Y	0.0925	benign
Q9BXE9	R174A	0.1254	benign
Q9BXE9	R174C	0.135	benign
Q9BXE9	R174D	0.148	benign
Q9BXE9	R174E	0.1449	benign
Q9BXE9	R174F	0.1815	benign
Q9BXE9	R174G	0.0699	benign
Q9BXE9	R174H	0.0817	benign
Q9BXE9	R174I	0.0968	benign
Q9BXE9	R174K	0.0976	benign
Q9BXE9	R174L	0.096	benign
Q9BXE9	R174M	0.1327	benign
Q9BXE9	R174N	0.1547	benign
Q9BXE9	R174P	0.1166	benign
Q9BXE9	R174Q	0.0857	benign
Q9BXE9	R174S	0.1139	benign
Q9BXE9	R174T	0.0886	benign
Q9BXE9	R174V	0.1243	benign
Q9BXE9	R174W	0.1026	benign
Q9BXE9	R174Y	0.1616	benign
Q9BXE9	S175A	0.1034	benign
Q9BXE9	S175C	0.1175	benign
Q9BXE9	S175D	0.1298	benign
Q9BXE9	S175E	0.1918	benign
Q9BXE9	S175F	0.1669	benign
Q9BXE9	S175G	0.0763	benign
Q9BXE9	S175H	0.1476	benign
Q9BXE9	S175I	0.1264	benign
Q9BXE9	S175K	0.2392	benign
Q9BXE9	S175L	0.1328	benign
Q9BXE9	S175M	0.2162	benign
Q9BXE9	S175N	0.0906	benign
Q9BXE9	S175P	0.1124	benign
Q9BXE9	S175Q	0.2211	benign
Q9BXE9	S175R	0.1897	benign
Q9BXE9	S175T	0.0993	benign
Q9BXE9	S175V	0.1489	benign
Q9BXE9	S175W	0.1542	benign
Q9BXE9	S175Y	0.1134	benign
Q9BXE9	R176A	0.1302	benign
Q9BXE9	R176C	0.1614	benign
Q9BXE9	R176D	0.1681	benign
Q9BXE9	R176E	0.1376	benign
Q9BXE9	R176F	0.1997	benign
Q9BXE9	R176G	0.0745	benign
Q9BXE9	R176H	0.0928	benign
Q9BXE9	R176I	0.0977	benign
Q9BXE9	R176K	0.0926	benign
Q9BXE9	R176L	0.1039	benign
Q9BXE9	R176M	0.1244	benign
Q9BXE9	R176N	0.1776	benign
Q9BXE9	R176P	0.1341	benign
Q9BXE9	R176Q	0.0886	benign
Q9BXE9	R176S	0.1328	benign
Q9BXE9	R176T	0.0928	benign
Q9BXE9	R176V	0.129	benign
Q9BXE9	R176W	0.1082	benign
Q9BXE9	R176Y	0.1863	benign
Q9BXE9	I177A	0.265	benign
Q9BXE9	I177C	0.5645	pathogenic
Q9BXE9	I177D	0.2308	benign
Q9BXE9	I177E	0.2703	benign
Q9BXE9	I177F	0.0712	benign
Q9BXE9	I177G	0.3142	benign
Q9BXE9	I177H	0.218	benign
Q9BXE9	I177K	0.1909	benign
Q9BXE9	I177L	0.0818	benign
Q9BXE9	I177M	0.0995	benign
Q9BXE9	I177N	0.088	benign
Q9BXE9	I177P	0.2964	benign
Q9BXE9	I177Q	0.2393	benign
Q9BXE9	I177R	0.15	benign
Q9BXE9	I177S	0.1259	benign
Q9BXE9	I177T	0.2195	benign
Q9BXE9	I177V	0.1231	benign
Q9BXE9	I177W	0.3768	ambiguous
Q9BXE9	I177Y	0.1851	benign
Q9BXE9	P178A	0.0843	benign
Q9BXE9	P178C	0.2974	benign
Q9BXE9	P178D	0.2164	benign
Q9BXE9	P178E	0.1822	benign
Q9BXE9	P178F	0.2042	benign
Q9BXE9	P178G	0.1667	benign
Q9BXE9	P178H	0.1121	benign
Q9BXE9	P178I	0.1341	benign
Q9BXE9	P178K	0.1676	benign
Q9BXE9	P178L	0.0798	benign
Q9BXE9	P178M	0.1932	benign
Q9BXE9	P178N	0.1857	benign
Q9BXE9	P178Q	0.1103	benign
Q9BXE9	P178R	0.1049	benign
Q9BXE9	P178S	0.0822	benign
Q9BXE9	P178T	0.0781	benign
Q9BXE9	P178V	0.1198	benign
Q9BXE9	P178W	0.252	benign
Q9BXE9	P178Y	0.1894	benign
Q9BXE9	H179A	0.126	benign
Q9BXE9	H179C	0.142	benign
Q9BXE9	H179D	0.0918	benign
Q9BXE9	H179E	0.1486	benign
Q9BXE9	H179F	0.1805	benign
Q9BXE9	H179G	0.1271	benign
Q9BXE9	H179I	0.1627	benign
Q9BXE9	H179K	0.1469	benign
Q9BXE9	H179L	0.0846	benign
Q9BXE9	H179M	0.299	benign
Q9BXE9	H179N	0.0839	benign
Q9BXE9	H179P	0.0796	benign
Q9BXE9	H179Q	0.1022	benign
Q9BXE9	H179R	0.0686	benign
Q9BXE9	H179S	0.101	benign
Q9BXE9	H179T	0.1419	benign
Q9BXE9	H179V	0.1355	benign
Q9BXE9	H179W	0.2054	benign
Q9BXE9	H179Y	0.079	benign
Q9BXE9	S180A	0.0877	benign
Q9BXE9	S180C	0.1137	benign
Q9BXE9	S180D	0.2773	benign
Q9BXE9	S180E	0.3636	ambiguous
Q9BXE9	S180F	0.1335	benign
Q9BXE9	S180G	0.1104	benign
Q9BXE9	S180H	0.1983	benign
Q9BXE9	S180I	0.1118	benign
Q9BXE9	S180K	0.4323	ambiguous
Q9BXE9	S180L	0.0928	benign
Q9BXE9	S180M	0.1943	benign
Q9BXE9	S180N	0.1846	benign
Q9BXE9	S180P	0.0864	benign
Q9BXE9	S180Q	0.3414	ambiguous
Q9BXE9	S180R	0.3346	benign
Q9BXE9	S180T	0.0868	benign
Q9BXE9	S180V	0.1244	benign
Q9BXE9	S180W	0.1437	benign
Q9BXE9	S180Y	0.1054	benign
Q9BXE9	L181A	0.2164	benign
Q9BXE9	L181C	0.4691	ambiguous
Q9BXE9	L181D	0.5244	ambiguous
Q9BXE9	L181E	0.3365	benign
Q9BXE9	L181F	0.1101	benign
Q9BXE9	L181G	0.3463	ambiguous
Q9BXE9	L181H	0.2312	benign
Q9BXE9	L181I	0.0988	benign
Q9BXE9	L181K	0.2485	benign
Q9BXE9	L181M	0.1329	benign
Q9BXE9	L181N	0.3384	benign
Q9BXE9	L181P	0.1457	benign
Q9BXE9	L181Q	0.1709	benign
Q9BXE9	L181R	0.1694	benign
Q9BXE9	L181S	0.1958	benign
Q9BXE9	L181T	0.1879	benign
Q9BXE9	L181V	0.1016	benign
Q9BXE9	L181W	0.1613	benign
Q9BXE9	L181Y	0.2987	benign
Q9BXE9	H182A	0.2433	benign
Q9BXE9	H182C	0.1748	benign
Q9BXE9	H182D	0.1684	benign
Q9BXE9	H182E	0.2405	benign
Q9BXE9	H182F	0.2454	benign
Q9BXE9	H182G	0.2167	benign
Q9BXE9	H182I	0.2584	benign
Q9BXE9	H182K	0.2331	benign
Q9BXE9	H182L	0.1194	benign
Q9BXE9	H182M	0.407	ambiguous
Q9BXE9	H182N	0.1158	benign
Q9BXE9	H182P	0.1114	benign
Q9BXE9	H182Q	0.1532	benign
Q9BXE9	H182R	0.1037	benign
Q9BXE9	H182S	0.1798	benign
Q9BXE9	H182T	0.2418	benign
Q9BXE9	H182V	0.2211	benign
Q9BXE9	H182W	0.2735	benign
Q9BXE9	H182Y	0.0826	benign
Q9BXE9	I183A	0.1114	benign
Q9BXE9	I183C	0.4797	ambiguous
Q9BXE9	I183D	0.2955	benign
Q9BXE9	I183E	0.3274	benign
Q9BXE9	I183F	0.099	benign
Q9BXE9	I183G	0.2788	benign
Q9BXE9	I183H	0.2774	benign
Q9BXE9	I183K	0.2273	benign
Q9BXE9	I183L	0.1003	benign
Q9BXE9	I183M	0.0814	benign
Q9BXE9	I183N	0.1316	benign
Q9BXE9	I183P	0.2816	benign
Q9BXE9	I183Q	0.2783	benign
Q9BXE9	I183R	0.1376	benign
Q9BXE9	I183S	0.12	benign
Q9BXE9	I183T	0.0782	benign
Q9BXE9	I183V	0.0715	benign
Q9BXE9	I183W	0.4335	ambiguous
Q9BXE9	I183Y	0.2848	benign
Q9BXE9	V184A	0.1072	benign
Q9BXE9	V184C	0.4606	ambiguous
Q9BXE9	V184D	0.2776	benign
Q9BXE9	V184E	0.3518	ambiguous
Q9BXE9	V184F	0.0802	benign
Q9BXE9	V184G	0.13	benign
Q9BXE9	V184H	0.4201	ambiguous
Q9BXE9	V184I	0.0827	benign
Q9BXE9	V184K	0.3794	ambiguous
Q9BXE9	V184L	0.1104	benign
Q9BXE9	V184M	0.1345	benign
Q9BXE9	V184N	0.2521	benign
Q9BXE9	V184P	0.2164	benign
Q9BXE9	V184Q	0.3302	benign
Q9BXE9	V184R	0.2741	benign
Q9BXE9	V184S	0.1449	benign
Q9BXE9	V184T	0.1479	benign
Q9BXE9	V184W	0.4594	ambiguous
Q9BXE9	V184Y	0.323	benign
Q9BXE9	L185A	0.264	benign
Q9BXE9	L185C	0.4499	ambiguous
Q9BXE9	L185D	0.6453	pathogenic
Q9BXE9	L185E	0.4565	ambiguous
Q9BXE9	L185F	0.0903	benign
Q9BXE9	L185G	0.4195	ambiguous
Q9BXE9	L185H	0.2623	benign
Q9BXE9	L185I	0.1133	benign
Q9BXE9	L185K	0.3559	ambiguous
Q9BXE9	L185M	0.1485	benign
Q9BXE9	L185N	0.4137	ambiguous
Q9BXE9	L185P	0.1912	benign
Q9BXE9	L185Q	0.2212	benign
Q9BXE9	L185R	0.2421	benign
Q9BXE9	L185S	0.2466	benign
Q9BXE9	L185T	0.2501	benign
Q9BXE9	L185V	0.116	benign
Q9BXE9	L185W	0.1762	benign
Q9BXE9	L185Y	0.3174	benign
Q9BXE9	L186A	0.2375	benign
Q9BXE9	L186C	0.4	ambiguous
Q9BXE9	L186D	0.498	ambiguous
Q9BXE9	L186E	0.3413	ambiguous
Q9BXE9	L186F	0.1029	benign
Q9BXE9	L186G	0.3538	ambiguous
Q9BXE9	L186H	0.1867	benign
Q9BXE9	L186I	0.1056	benign
Q9BXE9	L186K	0.2676	benign
Q9BXE9	L186M	0.1548	benign
Q9BXE9	L186N	0.2985	benign
Q9BXE9	L186P	0.1546	benign
Q9BXE9	L186Q	0.1582	benign
Q9BXE9	L186R	0.1702	benign
Q9BXE9	L186S	0.2245	benign
Q9BXE9	L186T	0.2151	benign
Q9BXE9	L186V	0.0964	benign
Q9BXE9	L186W	0.1487	benign
Q9BXE9	L186Y	0.2618	benign
Q9BXE9	S187A	0.0842	benign
Q9BXE9	S187C	0.0922	benign
Q9BXE9	S187D	0.4754	ambiguous
Q9BXE9	S187E	0.5763	pathogenic
Q9BXE9	S187F	0.1349	benign
Q9BXE9	S187G	0.1	benign
Q9BXE9	S187H	0.3507	ambiguous
Q9BXE9	S187I	0.1553	benign
Q9BXE9	S187K	0.7075	pathogenic
Q9BXE9	S187L	0.1024	benign
Q9BXE9	S187M	0.2314	benign
Q9BXE9	S187N	0.2669	benign
Q9BXE9	S187P	0.1045	benign
Q9BXE9	S187Q	0.5141	ambiguous
Q9BXE9	S187R	0.5955	pathogenic
Q9BXE9	S187T	0.0939	benign
Q9BXE9	S187V	0.1507	benign
Q9BXE9	S187W	0.1575	benign
Q9BXE9	S187Y	0.1366	benign
Q9BXE9	S188A	0.0949	benign
Q9BXE9	S188C	0.0741	benign
Q9BXE9	S188D	0.6201	pathogenic
Q9BXE9	S188E	0.7309	pathogenic
Q9BXE9	S188F	0.1185	benign
Q9BXE9	S188G	0.0997	benign
Q9BXE9	S188H	0.468	ambiguous
Q9BXE9	S188I	0.1317	benign
Q9BXE9	S188K	0.842	pathogenic
Q9BXE9	S188L	0.1263	benign
Q9BXE9	S188M	0.2146	benign
Q9BXE9	S188N	0.321	benign
Q9BXE9	S188P	0.1541	benign
Q9BXE9	S188Q	0.678	pathogenic
Q9BXE9	S188R	0.7442	pathogenic
Q9BXE9	S188T	0.0992	benign
Q9BXE9	S188V	0.139	benign
Q9BXE9	S188W	0.2001	benign
Q9BXE9	S188Y	0.1803	benign
Q9BXE9	L189A	0.1591	benign
Q9BXE9	L189C	0.2931	benign
Q9BXE9	L189D	0.4627	ambiguous
Q9BXE9	L189E	0.2899	benign
Q9BXE9	L189F	0.0967	benign
Q9BXE9	L189G	0.298	benign
Q9BXE9	L189H	0.147	benign
Q9BXE9	L189I	0.101	benign
Q9BXE9	L189K	0.2188	benign
Q9BXE9	L189M	0.1272	benign
Q9BXE9	L189N	0.2421	benign
Q9BXE9	L189P	0.0877	benign
Q9BXE9	L189Q	0.1218	benign
Q9BXE9	L189R	0.1336	benign
Q9BXE9	L189S	0.14	benign
Q9BXE9	L189T	0.1286	benign
Q9BXE9	L189V	0.0915	benign
Q9BXE9	L189W	0.1239	benign
Q9BXE9	L189Y	0.2095	benign
Q9BXE9	D190A	0.3386	benign
Q9BXE9	D190C	0.7242	pathogenic
Q9BXE9	D190E	0.368	ambiguous
Q9BXE9	D190F	0.6689	pathogenic
Q9BXE9	D190G	0.2999	benign
Q9BXE9	D190H	0.3169	benign
Q9BXE9	D190I	0.5565	ambiguous
Q9BXE9	D190K	0.6324	pathogenic
Q9BXE9	D190L	0.5308	ambiguous
Q9BXE9	D190M	0.8232	pathogenic
Q9BXE9	D190N	0.2765	benign
Q9BXE9	D190P	0.5766	pathogenic
Q9BXE9	D190Q	0.5107	ambiguous
Q9BXE9	D190R	0.5134	ambiguous
Q9BXE9	D190S	0.3155	benign
Q9BXE9	D190T	0.5049	ambiguous
Q9BXE9	D190V	0.3382	benign
Q9BXE9	D190W	0.834	pathogenic
Q9BXE9	D190Y	0.2791	benign
Q9BXE9	V191A	0.1378	benign
Q9BXE9	V191C	0.5082	ambiguous
Q9BXE9	V191D	0.2658	benign
Q9BXE9	V191E	0.3908	ambiguous
Q9BXE9	V191F	0.0949	benign
Q9BXE9	V191G	0.1365	benign
Q9BXE9	V191H	0.556	ambiguous
Q9BXE9	V191I	0.0847	benign
Q9BXE9	V191K	0.4593	ambiguous
Q9BXE9	V191L	0.1579	benign
Q9BXE9	V191M	0.1428	benign
Q9BXE9	V191N	0.2757	benign
Q9BXE9	V191P	0.5153	ambiguous
Q9BXE9	V191Q	0.4324	ambiguous
Q9BXE9	V191R	0.3517	ambiguous
Q9BXE9	V191S	0.1935	benign
Q9BXE9	V191T	0.2041	benign
Q9BXE9	V191W	0.5847	pathogenic
Q9BXE9	V191Y	0.3883	ambiguous
Q9BXE9	L192A	0.1954	benign
Q9BXE9	L192C	0.3657	ambiguous
Q9BXE9	L192D	0.6747	pathogenic
Q9BXE9	L192E	0.5294	ambiguous
Q9BXE9	L192F	0.1	benign
Q9BXE9	L192G	0.3539	ambiguous
Q9BXE9	L192H	0.3004	benign
Q9BXE9	L192I	0.106	benign
Q9BXE9	L192K	0.4572	ambiguous
Q9BXE9	L192M	0.1535	benign
Q9BXE9	L192N	0.423	ambiguous
Q9BXE9	L192P	0.2051	benign
Q9BXE9	L192Q	0.2564	benign
Q9BXE9	L192R	0.3076	benign
Q9BXE9	L192S	0.1918	benign
Q9BXE9	L192T	0.1863	benign
Q9BXE9	L192V	0.1001	benign
Q9BXE9	L192W	0.1939	benign
Q9BXE9	L192Y	0.3651	ambiguous
Q9BXE9	C193A	0.3675	ambiguous
Q9BXE9	C193D	0.6196	pathogenic
Q9BXE9	C193E	0.8013	pathogenic
Q9BXE9	C193F	0.1396	benign
Q9BXE9	C193G	0.1617	benign
Q9BXE9	C193H	0.4637	ambiguous
Q9BXE9	C193I	0.4702	ambiguous
Q9BXE9	C193K	0.8047	pathogenic
Q9BXE9	C193L	0.2996	benign
Q9BXE9	C193M	0.6114	pathogenic
Q9BXE9	C193N	0.4891	ambiguous
Q9BXE9	C193P	0.5115	ambiguous
Q9BXE9	C193Q	0.6374	pathogenic
Q9BXE9	C193R	0.4846	ambiguous
Q9BXE9	C193S	0.2192	benign
Q9BXE9	C193T	0.4517	ambiguous
Q9BXE9	C193V	0.4255	ambiguous
Q9BXE9	C193W	0.364	ambiguous
Q9BXE9	C193Y	0.2251	benign
Q9BXE9	L194A	0.2526	benign
Q9BXE9	L194C	0.497	ambiguous
Q9BXE9	L194D	0.7246	pathogenic
Q9BXE9	L194E	0.4429	ambiguous
Q9BXE9	L194F	0.1206	benign
Q9BXE9	L194G	0.4399	ambiguous
Q9BXE9	L194H	0.2677	benign
Q9BXE9	L194I	0.1135	benign
Q9BXE9	L194K	0.3512	ambiguous
Q9BXE9	L194M	0.1368	benign
Q9BXE9	L194N	0.48	ambiguous
Q9BXE9	L194P	0.2586	benign
Q9BXE9	L194Q	0.1973	benign
Q9BXE9	L194R	0.225	benign
Q9BXE9	L194S	0.2571	benign
Q9BXE9	L194T	0.1966	benign
Q9BXE9	L194V	0.0973	benign
Q9BXE9	L194W	0.1909	benign
Q9BXE9	L194Y	0.415	ambiguous
Q9BXE9	G195A	0.1228	benign
Q9BXE9	G195C	0.166	benign
Q9BXE9	G195D	0.4948	ambiguous
Q9BXE9	G195E	0.4818	ambiguous
Q9BXE9	G195F	0.3265	benign
Q9BXE9	G195H	0.5918	pathogenic
Q9BXE9	G195I	0.1598	benign
Q9BXE9	G195K	0.7297	pathogenic
Q9BXE9	G195L	0.26	benign
Q9BXE9	G195M	0.3823	ambiguous
Q9BXE9	G195N	0.5425	ambiguous
Q9BXE9	G195P	0.6721	pathogenic
Q9BXE9	G195Q	0.5577	ambiguous
Q9BXE9	G195R	0.5373	ambiguous
Q9BXE9	G195S	0.13	benign
Q9BXE9	G195T	0.1837	benign
Q9BXE9	G195V	0.105	benign
Q9BXE9	G195W	0.2871	benign
Q9BXE9	G195Y	0.3901	ambiguous
Q9BXE9	L196A	0.2938	benign
Q9BXE9	L196C	0.4097	ambiguous
Q9BXE9	L196D	0.749	pathogenic
Q9BXE9	L196E	0.5624	ambiguous
Q9BXE9	L196F	0.1052	benign
Q9BXE9	L196G	0.4504	ambiguous
Q9BXE9	L196H	0.3781	ambiguous
Q9BXE9	L196I	0.1146	benign
Q9BXE9	L196K	0.4659	ambiguous
Q9BXE9	L196M	0.1557	benign
Q9BXE9	L196N	0.486	ambiguous
Q9BXE9	L196P	0.3031	benign
Q9BXE9	L196Q	0.3108	benign
Q9BXE9	L196R	0.3472	ambiguous
Q9BXE9	L196S	0.3432	ambiguous
Q9BXE9	L196T	0.2893	benign
Q9BXE9	L196V	0.1199	benign
Q9BXE9	L196W	0.2194	benign
Q9BXE9	L196Y	0.4147	ambiguous
Q9BXE9	M197A	0.4379	ambiguous
Q9BXE9	M197C	0.7332	pathogenic
Q9BXE9	M197D	0.8397	pathogenic
Q9BXE9	M197E	0.5853	pathogenic
Q9BXE9	M197F	0.5255	ambiguous
Q9BXE9	M197G	0.6059	pathogenic
Q9BXE9	M197H	0.658	pathogenic
Q9BXE9	M197I	0.5538	ambiguous
Q9BXE9	M197K	0.305	benign
Q9BXE9	M197L	0.2116	benign
Q9BXE9	M197N	0.5823	pathogenic
Q9BXE9	M197P	0.6894	pathogenic
Q9BXE9	M197Q	0.294	benign
Q9BXE9	M197R	0.3078	benign
Q9BXE9	M197S	0.4439	ambiguous
Q9BXE9	M197T	0.2174	benign
Q9BXE9	M197V	0.1653	benign
Q9BXE9	M197W	0.7395	pathogenic
Q9BXE9	M197Y	0.7847	pathogenic
Q9BXE9	T198A	0.0794	benign
Q9BXE9	T198C	0.2767	benign
Q9BXE9	T198D	0.5232	ambiguous
Q9BXE9	T198E	0.5052	ambiguous
Q9BXE9	T198F	0.1467	benign
Q9BXE9	T198G	0.1904	benign
Q9BXE9	T198H	0.3049	benign
Q9BXE9	T198I	0.0841	benign
Q9BXE9	T198K	0.3676	ambiguous
Q9BXE9	T198L	0.0724	benign
Q9BXE9	T198M	0.0742	benign
Q9BXE9	T198N	0.1575	benign
Q9BXE9	T198P	0.1249	benign
Q9BXE9	T198Q	0.3685	ambiguous
Q9BXE9	T198R	0.2924	benign
Q9BXE9	T198S	0.1224	benign
Q9BXE9	T198V	0.1011	benign
Q9BXE9	T198W	0.4507	ambiguous
Q9BXE9	T198Y	0.2407	benign
Q9BXE9	L199A	0.1072	benign
Q9BXE9	L199C	0.215	benign
Q9BXE9	L199D	0.6497	pathogenic
Q9BXE9	L199E	0.3864	ambiguous
Q9BXE9	L199F	0.0851	benign
Q9BXE9	L199G	0.1931	benign
Q9BXE9	L199H	0.2543	benign
Q9BXE9	L199I	0.0976	benign
Q9BXE9	L199K	0.3003	benign
Q9BXE9	L199M	0.1091	benign
Q9BXE9	L199N	0.3976	ambiguous
Q9BXE9	L199P	0.2331	benign
Q9BXE9	L199Q	0.1934	benign
Q9BXE9	L199R	0.1987	benign
Q9BXE9	L199S	0.1403	benign
Q9BXE9	L199T	0.1155	benign
Q9BXE9	L199V	0.0724	benign
Q9BXE9	L199W	0.0691	benign
Q9BXE9	L199Y	0.2139	benign
Q9BXE9	A200C	0.4865	ambiguous
Q9BXE9	A200D	0.4883	ambiguous
Q9BXE9	A200E	0.5169	ambiguous
Q9BXE9	A200F	0.4216	ambiguous
Q9BXE9	A200G	0.1689	benign
Q9BXE9	A200H	0.6586	pathogenic
Q9BXE9	A200I	0.4799	ambiguous
Q9BXE9	A200K	0.7337	pathogenic
Q9BXE9	A200L	0.3179	benign
Q9BXE9	A200M	0.4607	ambiguous
Q9BXE9	A200N	0.518	ambiguous
Q9BXE9	A200P	0.3275	benign
Q9BXE9	A200Q	0.5591	ambiguous
Q9BXE9	A200R	0.5906	pathogenic
Q9BXE9	A200S	0.1128	benign
Q9BXE9	A200T	0.1281	benign
Q9BXE9	A200V	0.228	benign
Q9BXE9	A200W	0.7422	pathogenic
Q9BXE9	A200Y	0.6357	pathogenic
Q9BXE9	S201A	0.1465	benign
Q9BXE9	S201C	0.1478	benign
Q9BXE9	S201D	0.6219	pathogenic
Q9BXE9	S201E	0.7452	pathogenic
Q9BXE9	S201F	0.4515	ambiguous
Q9BXE9	S201G	0.1013	benign
Q9BXE9	S201H	0.5514	ambiguous
Q9BXE9	S201I	0.2823	benign
Q9BXE9	S201K	0.8185	pathogenic
Q9BXE9	S201L	0.261	benign
Q9BXE9	S201M	0.398	ambiguous
Q9BXE9	S201N	0.2805	benign
Q9BXE9	S201P	0.4245	ambiguous
Q9BXE9	S201Q	0.7183	pathogenic
Q9BXE9	S201R	0.6661	pathogenic
Q9BXE9	S201T	0.1349	benign
Q9BXE9	S201V	0.3327	benign
Q9BXE9	S201W	0.4347	ambiguous
Q9BXE9	S201Y	0.4203	ambiguous
Q9BXE9	G202A	0.1062	benign
Q9BXE9	G202C	0.14	benign
Q9BXE9	G202D	0.4488	ambiguous
Q9BXE9	G202E	0.5339	ambiguous
Q9BXE9	G202F	0.357	ambiguous
Q9BXE9	G202H	0.5279	ambiguous
Q9BXE9	G202I	0.1597	benign
Q9BXE9	G202K	0.6799	pathogenic
Q9BXE9	G202L	0.3056	benign
Q9BXE9	G202M	0.4247	ambiguous
Q9BXE9	G202N	0.4587	ambiguous
Q9BXE9	G202P	0.7386	pathogenic
Q9BXE9	G202Q	0.5675	pathogenic
Q9BXE9	G202R	0.4295	ambiguous
Q9BXE9	G202S	0.089	benign
Q9BXE9	G202T	0.1538	benign
Q9BXE9	G202V	0.1181	benign
Q9BXE9	G202W	0.2912	benign
Q9BXE9	G202Y	0.3697	ambiguous
Q9BXE9	S203A	0.1162	benign
Q9BXE9	S203C	0.0841	benign
Q9BXE9	S203D	0.5837	pathogenic
Q9BXE9	S203E	0.642	pathogenic
Q9BXE9	S203F	0.1356	benign
Q9BXE9	S203G	0.1386	benign
Q9BXE9	S203H	0.3247	benign
Q9BXE9	S203I	0.205	benign
Q9BXE9	S203K	0.7237	pathogenic
Q9BXE9	S203L	0.1677	benign
Q9BXE9	S203M	0.2644	benign
Q9BXE9	S203N	0.2784	benign
Q9BXE9	S203P	0.3181	benign
Q9BXE9	S203Q	0.5933	pathogenic
Q9BXE9	S203R	0.6241	pathogenic
Q9BXE9	S203T	0.1139	benign
Q9BXE9	S203V	0.2127	benign
Q9BXE9	S203W	0.1451	benign
Q9BXE9	S203Y	0.1102	benign
Q9BXE9	M204A	0.3639	ambiguous
Q9BXE9	M204C	0.7935	pathogenic
Q9BXE9	M204D	0.8555	pathogenic
Q9BXE9	M204E	0.5718	pathogenic
Q9BXE9	M204F	0.502	ambiguous
Q9BXE9	M204G	0.6759	pathogenic
Q9BXE9	M204H	0.6799	pathogenic
Q9BXE9	M204I	0.4391	ambiguous
Q9BXE9	M204K	0.2381	benign
Q9BXE9	M204L	0.1995	benign
Q9BXE9	M204N	0.6421	pathogenic
Q9BXE9	M204P	0.7538	pathogenic
Q9BXE9	M204Q	0.3662	ambiguous
Q9BXE9	M204R	0.2353	benign
Q9BXE9	M204S	0.4439	ambiguous
Q9BXE9	M204T	0.1341	benign
Q9BXE9	M204V	0.0893	benign
Q9BXE9	M204W	0.7645	pathogenic
Q9BXE9	M204Y	0.7998	pathogenic
Q9BXE9	V205A	0.2623	benign
Q9BXE9	V205C	0.7197	pathogenic
Q9BXE9	V205D	0.4496	ambiguous
Q9BXE9	V205E	0.4643	ambiguous
Q9BXE9	V205F	0.2073	benign
Q9BXE9	V205G	0.2185	benign
Q9BXE9	V205H	0.7051	pathogenic
Q9BXE9	V205I	0.1172	benign
Q9BXE9	V205K	0.6113	pathogenic
Q9BXE9	V205L	0.222	benign
Q9BXE9	V205M	0.2752	benign
Q9BXE9	V205N	0.4554	ambiguous
Q9BXE9	V205P	0.5632	ambiguous
Q9BXE9	V205Q	0.5371	ambiguous
Q9BXE9	V205R	0.4647	ambiguous
Q9BXE9	V205S	0.3721	ambiguous
Q9BXE9	V205T	0.3983	ambiguous
Q9BXE9	V205W	0.7686	pathogenic
Q9BXE9	V205Y	0.5667	pathogenic
Q9BXE9	F206A	0.2447	benign
Q9BXE9	F206C	0.1279	benign
Q9BXE9	F206D	0.4588	ambiguous
Q9BXE9	F206E	0.6384	pathogenic
Q9BXE9	F206G	0.3579	ambiguous
Q9BXE9	F206H	0.3852	ambiguous
Q9BXE9	F206I	0.1085	benign
Q9BXE9	F206K	0.5756	pathogenic
Q9BXE9	F206L	0.4877	ambiguous
Q9BXE9	F206M	0.3533	ambiguous
Q9BXE9	F206N	0.3747	ambiguous
Q9BXE9	F206P	0.7327	pathogenic
Q9BXE9	F206Q	0.5131	ambiguous
Q9BXE9	F206R	0.3637	ambiguous
Q9BXE9	F206S	0.1744	benign
Q9BXE9	F206T	0.2748	benign
Q9BXE9	F206V	0.1056	benign
Q9BXE9	F206W	0.256	benign
Q9BXE9	F206Y	0.1282	benign
Q9BXE9	I207A	0.426	ambiguous
Q9BXE9	I207C	0.555	ambiguous
Q9BXE9	I207D	0.5869	pathogenic
Q9BXE9	I207E	0.6363	pathogenic
Q9BXE9	I207F	0.1028	benign
Q9BXE9	I207G	0.6351	pathogenic
Q9BXE9	I207H	0.2776	benign
Q9BXE9	I207K	0.3974	ambiguous
Q9BXE9	I207L	0.0984	benign
Q9BXE9	I207M	0.1443	benign
Q9BXE9	I207N	0.2106	benign
Q9BXE9	I207P	0.6216	pathogenic
Q9BXE9	I207Q	0.3734	ambiguous
Q9BXE9	I207R	0.2304	benign
Q9BXE9	I207S	0.2396	benign
Q9BXE9	I207T	0.2479	benign
Q9BXE9	I207V	0.1517	benign
Q9BXE9	I207W	0.5827	pathogenic
Q9BXE9	I207Y	0.3106	benign
Q9BXE9	L208A	0.505	ambiguous
Q9BXE9	L208C	0.6555	pathogenic
Q9BXE9	L208D	0.8308	pathogenic
Q9BXE9	L208E	0.6045	pathogenic
Q9BXE9	L208F	0.2265	benign
Q9BXE9	L208G	0.6725	pathogenic
Q9BXE9	L208H	0.3463	ambiguous
Q9BXE9	L208I	0.1728	benign
Q9BXE9	L208K	0.4314	ambiguous
Q9BXE9	L208M	0.2437	benign
Q9BXE9	L208N	0.6417	pathogenic
Q9BXE9	L208P	0.3126	benign
Q9BXE9	L208Q	0.2866	benign
Q9BXE9	L208R	0.2418	benign
Q9BXE9	L208S	0.5022	ambiguous
Q9BXE9	L208T	0.427	ambiguous
Q9BXE9	L208V	0.2027	benign
Q9BXE9	L208W	0.3539	ambiguous
Q9BXE9	L208Y	0.5906	pathogenic
Q9BXE9	H209A	0.365	ambiguous
Q9BXE9	H209C	0.1436	benign
Q9BXE9	H209D	0.3257	benign
Q9BXE9	H209E	0.3711	ambiguous
Q9BXE9	H209F	0.2671	benign
Q9BXE9	H209G	0.3204	benign
Q9BXE9	H209I	0.3241	benign
Q9BXE9	H209K	0.2724	benign
Q9BXE9	H209L	0.1278	benign
Q9BXE9	H209M	0.5242	ambiguous
Q9BXE9	H209N	0.2008	benign
Q9BXE9	H209P	0.2657	benign
Q9BXE9	H209Q	0.1822	benign
Q9BXE9	H209R	0.099	benign
Q9BXE9	H209S	0.3023	benign
Q9BXE9	H209T	0.4065	ambiguous
Q9BXE9	H209V	0.2804	benign
Q9BXE9	H209W	0.1921	benign
Q9BXE9	H209Y	0.069	benign
Q9BXE9	R210A	0.3576	ambiguous
Q9BXE9	R210C	0.1729	benign
Q9BXE9	R210D	0.6272	pathogenic
Q9BXE9	R210E	0.3345	benign
Q9BXE9	R210F	0.5053	ambiguous
Q9BXE9	R210G	0.1671	benign
Q9BXE9	R210H	0.1343	benign
Q9BXE9	R210I	0.2461	benign
Q9BXE9	R210K	0.1274	benign
Q9BXE9	R210L	0.2408	benign
Q9BXE9	R210M	0.2672	benign
Q9BXE9	R210N	0.5198	ambiguous
Q9BXE9	R210P	0.6633	pathogenic
Q9BXE9	R210Q	0.0951	benign
Q9BXE9	R210S	0.388	ambiguous
Q9BXE9	R210T	0.2134	benign
Q9BXE9	R210V	0.3587	ambiguous
Q9BXE9	R210W	0.1425	benign
Q9BXE9	R210Y	0.3833	ambiguous
Q9BXE9	H211A	0.6683	pathogenic
Q9BXE9	H211C	0.3606	ambiguous
Q9BXE9	H211D	0.5052	ambiguous
Q9BXE9	H211E	0.5552	ambiguous
Q9BXE9	H211F	0.5818	pathogenic
Q9BXE9	H211G	0.5805	pathogenic
Q9BXE9	H211I	0.6788	pathogenic
Q9BXE9	H211K	0.4102	ambiguous
Q9BXE9	H211L	0.2756	benign
Q9BXE9	H211M	0.7909	pathogenic
Q9BXE9	H211N	0.3245	benign
Q9BXE9	H211P	0.2504	benign
Q9BXE9	H211Q	0.3965	ambiguous
Q9BXE9	H211R	0.1785	benign
Q9BXE9	H211S	0.5911	pathogenic
Q9BXE9	H211T	0.6969	pathogenic
Q9BXE9	H211V	0.6242	pathogenic
Q9BXE9	H211W	0.4621	ambiguous
Q9BXE9	H211Y	0.1864	benign
Q9BXE9	K212A	0.5274	ambiguous
Q9BXE9	K212C	0.6886	pathogenic
Q9BXE9	K212D	0.7214	pathogenic
Q9BXE9	K212E	0.2634	benign
Q9BXE9	K212F	0.7983	pathogenic
Q9BXE9	K212G	0.4946	ambiguous
Q9BXE9	K212H	0.3001	benign
Q9BXE9	K212I	0.5136	ambiguous
Q9BXE9	K212L	0.4737	ambiguous
Q9BXE9	K212M	0.4074	ambiguous
Q9BXE9	K212N	0.5968	pathogenic
Q9BXE9	K212P	0.7785	pathogenic
Q9BXE9	K212Q	0.1499	benign
Q9BXE9	K212R	0.0718	benign
Q9BXE9	K212S	0.5709	pathogenic
Q9BXE9	K212T	0.3403	ambiguous
Q9BXE9	K212V	0.5179	ambiguous
Q9BXE9	K212W	0.6952	pathogenic
Q9BXE9	K212Y	0.6089	pathogenic
Q9BXE9	Q213A	0.2398	benign
Q9BXE9	Q213C	0.5184	ambiguous
Q9BXE9	Q213D	0.4681	ambiguous
Q9BXE9	Q213E	0.1111	benign
Q9BXE9	Q213F	0.6179	pathogenic
Q9BXE9	Q213G	0.2511	benign
Q9BXE9	Q213H	0.2515	benign
Q9BXE9	Q213I	0.314	benign
Q9BXE9	Q213K	0.08	benign
Q9BXE9	Q213L	0.1268	benign
Q9BXE9	Q213M	0.3503	ambiguous
Q9BXE9	Q213N	0.3605	ambiguous
Q9BXE9	Q213P	0.2677	benign
Q9BXE9	Q213R	0.076	benign
Q9BXE9	Q213S	0.3312	benign
Q9BXE9	Q213T	0.2543	benign
Q9BXE9	Q213V	0.2163	benign
Q9BXE9	Q213W	0.3149	benign
Q9BXE9	Q213Y	0.4052	ambiguous
Q9BXE9	Q214A	0.2234	benign
Q9BXE9	Q214C	0.4547	ambiguous
Q9BXE9	Q214D	0.4032	ambiguous
Q9BXE9	Q214E	0.1024	benign
Q9BXE9	Q214F	0.6172	pathogenic
Q9BXE9	Q214G	0.248	benign
Q9BXE9	Q214H	0.206	benign
Q9BXE9	Q214I	0.3397	benign
Q9BXE9	Q214K	0.0982	benign
Q9BXE9	Q214L	0.1478	benign
Q9BXE9	Q214M	0.3711	ambiguous
Q9BXE9	Q214N	0.3232	benign
Q9BXE9	Q214P	0.3027	benign
Q9BXE9	Q214R	0.0639	benign
Q9BXE9	Q214S	0.3058	benign
Q9BXE9	Q214T	0.2178	benign
Q9BXE9	Q214V	0.2284	benign
Q9BXE9	Q214W	0.273	benign
Q9BXE9	Q214Y	0.3797	ambiguous
Q9BXE9	V215A	0.2978	benign
Q9BXE9	V215C	0.7244	pathogenic
Q9BXE9	V215D	0.3175	benign
Q9BXE9	V215E	0.2761	benign
Q9BXE9	V215F	0.186	benign
Q9BXE9	V215G	0.1852	benign
Q9BXE9	V215H	0.5516	ambiguous
Q9BXE9	V215I	0.1328	benign
Q9BXE9	V215K	0.3296	benign
Q9BXE9	V215L	0.2958	benign
Q9BXE9	V215M	0.2216	benign
Q9BXE9	V215N	0.3515	ambiguous
Q9BXE9	V215P	0.6507	pathogenic
Q9BXE9	V215Q	0.2678	benign
Q9BXE9	V215R	0.2354	benign
Q9BXE9	V215S	0.3562	ambiguous
Q9BXE9	V215T	0.3886	ambiguous
Q9BXE9	V215W	0.7089	pathogenic
Q9BXE9	V215Y	0.5194	ambiguous
Q9BXE9	Q216A	0.2324	benign
Q9BXE9	Q216C	0.4842	ambiguous
Q9BXE9	Q216D	0.462	ambiguous
Q9BXE9	Q216E	0.1124	benign
Q9BXE9	Q216F	0.6453	pathogenic
Q9BXE9	Q216G	0.2303	benign
Q9BXE9	Q216H	0.2554	benign
Q9BXE9	Q216I	0.3479	ambiguous
Q9BXE9	Q216K	0.086	benign
Q9BXE9	Q216L	0.1383	benign
Q9BXE9	Q216M	0.3689	ambiguous
Q9BXE9	Q216N	0.3541	ambiguous
Q9BXE9	Q216P	0.209	benign
Q9BXE9	Q216R	0.0673	benign
Q9BXE9	Q216S	0.3061	benign
Q9BXE9	Q216T	0.2438	benign
Q9BXE9	Q216V	0.2442	benign
Q9BXE9	Q216W	0.3275	benign
Q9BXE9	Q216Y	0.4499	ambiguous
Q9BXE9	H217A	0.3279	benign
Q9BXE9	H217C	0.1715	benign
Q9BXE9	H217D	0.2101	benign
Q9BXE9	H217E	0.3585	ambiguous
Q9BXE9	H217F	0.3018	benign
Q9BXE9	H217G	0.2883	benign
Q9BXE9	H217I	0.3474	ambiguous
Q9BXE9	H217K	0.2706	benign
Q9BXE9	H217L	0.1537	benign
Q9BXE9	H217M	0.5202	ambiguous
Q9BXE9	H217N	0.1312	benign
Q9BXE9	H217P	0.1824	benign
Q9BXE9	H217Q	0.2445	benign
Q9BXE9	H217R	0.1176	benign
Q9BXE9	H217S	0.2987	benign
Q9BXE9	H217T	0.3305	benign
Q9BXE9	H217V	0.2925	benign
Q9BXE9	H217W	0.3109	benign
Q9BXE9	H217Y	0.0896	benign
Q9BXE9	I218A	0.5112	ambiguous
Q9BXE9	I218C	0.6693	pathogenic
Q9BXE9	I218D	0.6384	pathogenic
Q9BXE9	I218E	0.6063	pathogenic
Q9BXE9	I218F	0.1484	benign
Q9BXE9	I218G	0.6391	pathogenic
Q9BXE9	I218H	0.3954	ambiguous
Q9BXE9	I218K	0.3554	ambiguous
Q9BXE9	I218L	0.1099	benign
Q9BXE9	I218M	0.145	benign
Q9BXE9	I218N	0.2448	benign
Q9BXE9	I218P	0.6011	pathogenic
Q9BXE9	I218Q	0.4003	ambiguous
Q9BXE9	I218R	0.2188	benign
Q9BXE9	I218S	0.334	benign
Q9BXE9	I218T	0.3857	ambiguous
Q9BXE9	I218V	0.1891	benign
Q9BXE9	I218W	0.5735	pathogenic
Q9BXE9	I218Y	0.4289	ambiguous
Q9BXE9	H219A	0.2596	benign
Q9BXE9	H219C	0.1126	benign
Q9BXE9	H219D	0.2301	benign
Q9BXE9	H219E	0.3076	benign
Q9BXE9	H219F	0.3001	benign
Q9BXE9	H219G	0.2411	benign
Q9BXE9	H219I	0.3191	benign
Q9BXE9	H219K	0.2118	benign
Q9BXE9	H219L	0.1127	benign
Q9BXE9	H219M	0.5217	ambiguous
Q9BXE9	H219N	0.1732	benign
Q9BXE9	H219P	0.1083	benign
Q9BXE9	H219Q	0.1747	benign
Q9BXE9	H219R	0.0648	benign
Q9BXE9	H219S	0.2322	benign
Q9BXE9	H219T	0.2657	benign
Q9BXE9	H219V	0.2594	benign
Q9BXE9	H219W	0.2305	benign
Q9BXE9	H219Y	0.1063	benign
Q9BXE9	G220A	0.1179	benign
Q9BXE9	G220C	0.1495	benign
Q9BXE9	G220D	0.1506	benign
Q9BXE9	G220E	0.1497	benign
Q9BXE9	G220F	0.4175	ambiguous
Q9BXE9	G220H	0.1888	benign
Q9BXE9	G220I	0.2135	benign
Q9BXE9	G220K	0.1925	benign
Q9BXE9	G220L	0.2871	benign
Q9BXE9	G220M	0.3516	ambiguous
Q9BXE9	G220N	0.2302	benign
Q9BXE9	G220P	0.4718	ambiguous
Q9BXE9	G220Q	0.1679	benign
Q9BXE9	G220R	0.1014	benign
Q9BXE9	G220S	0.0947	benign
Q9BXE9	G220T	0.1349	benign
Q9BXE9	G220V	0.1503	benign
Q9BXE9	G220W	0.2328	benign
Q9BXE9	G220Y	0.2736	benign
Q9BXE9	T221A	0.0794	benign
Q9BXE9	T221C	0.2949	benign
Q9BXE9	T221D	0.1951	benign
Q9BXE9	T221E	0.2043	benign
Q9BXE9	T221F	0.2008	benign
Q9BXE9	T221G	0.1551	benign
Q9BXE9	T221H	0.1533	benign
Q9BXE9	T221I	0.1546	benign
Q9BXE9	T221K	0.1159	benign
Q9BXE9	T221L	0.1099	benign
Q9BXE9	T221M	0.1071	benign
Q9BXE9	T221N	0.0771	benign
Q9BXE9	T221P	0.074	benign
Q9BXE9	T221Q	0.1483	benign
Q9BXE9	T221R	0.082	benign
Q9BXE9	T221S	0.1	benign
Q9BXE9	T221V	0.1676	benign
Q9BXE9	T221W	0.3332	benign
Q9BXE9	T221Y	0.1876	benign
Q9BXE9	N222A	0.1503	benign
Q9BXE9	N222C	0.1838	benign
Q9BXE9	N222D	0.1009	benign
Q9BXE9	N222E	0.2458	benign
Q9BXE9	N222F	0.3249	benign
Q9BXE9	N222G	0.1885	benign
Q9BXE9	N222H	0.0801	benign
Q9BXE9	N222I	0.1465	benign
Q9BXE9	N222K	0.1614	benign
Q9BXE9	N222L	0.174	benign
Q9BXE9	N222M	0.285	benign
Q9BXE9	N222P	0.2173	benign
Q9BXE9	N222Q	0.2135	benign
Q9BXE9	N222R	0.1339	benign
Q9BXE9	N222S	0.0782	benign
Q9BXE9	N222T	0.1115	benign
Q9BXE9	N222V	0.1512	benign
Q9BXE9	N222W	0.5034	ambiguous
Q9BXE9	N222Y	0.1155	benign
Q9BXE9	L223A	0.1393	benign
Q9BXE9	L223C	0.255	benign
Q9BXE9	L223D	0.2877	benign
Q9BXE9	L223E	0.2266	benign
Q9BXE9	L223F	0.0963	benign
Q9BXE9	L223G	0.2347	benign
Q9BXE9	L223H	0.107	benign
Q9BXE9	L223I	0.0819	benign
Q9BXE9	L223K	0.1562	benign
Q9BXE9	L223M	0.1391	benign
Q9BXE9	L223N	0.181	benign
Q9BXE9	L223P	0.0894	benign
Q9BXE9	L223Q	0.1101	benign
Q9BXE9	L223R	0.0813	benign
Q9BXE9	L223S	0.1382	benign
Q9BXE9	L223T	0.1311	benign
Q9BXE9	L223V	0.077	benign
Q9BXE9	L223W	0.1411	benign
Q9BXE9	L223Y	0.1965	benign
Q9BXE9	S224A	0.093	benign
Q9BXE9	S224C	0.1068	benign
Q9BXE9	S224D	0.3266	benign
Q9BXE9	S224E	0.3986	ambiguous
Q9BXE9	S224F	0.1433	benign
Q9BXE9	S224G	0.1345	benign
Q9BXE9	S224H	0.2225	benign
Q9BXE9	S224I	0.1996	benign
Q9BXE9	S224K	0.502	ambiguous
Q9BXE9	S224L	0.122	benign
Q9BXE9	S224M	0.2604	benign
Q9BXE9	S224N	0.2318	benign
Q9BXE9	S224P	0.0768	benign
Q9BXE9	S224Q	0.3651	ambiguous
Q9BXE9	S224R	0.367	ambiguous
Q9BXE9	S224T	0.096	benign
Q9BXE9	S224V	0.1852	benign
Q9BXE9	S224W	0.1655	benign
Q9BXE9	S224Y	0.1404	benign
Q9BXE9	A225C	0.2127	benign
Q9BXE9	A225D	0.1421	benign
Q9BXE9	A225E	0.1473	benign
Q9BXE9	A225F	0.1641	benign
Q9BXE9	A225G	0.1021	benign
Q9BXE9	A225H	0.1574	benign
Q9BXE9	A225I	0.1612	benign
Q9BXE9	A225K	0.181	benign
Q9BXE9	A225L	0.0948	benign
Q9BXE9	A225M	0.1973	benign
Q9BXE9	A225N	0.1515	benign
Q9BXE9	A225P	0.0511	benign
Q9BXE9	A225Q	0.1371	benign
Q9BXE9	A225R	0.1174	benign
Q9BXE9	A225S	0.0759	benign
Q9BXE9	A225T	0.0741	benign
Q9BXE9	A225V	0.0953	benign
Q9BXE9	A225W	0.2968	benign
Q9BXE9	A225Y	0.2083	benign
Q9BXE9	R226A	0.1804	benign
Q9BXE9	R226C	0.1632	benign
Q9BXE9	R226D	0.3461	ambiguous
Q9BXE9	R226E	0.216	benign
Q9BXE9	R226F	0.3155	benign
Q9BXE9	R226G	0.1026	benign
Q9BXE9	R226H	0.1333	benign
Q9BXE9	R226I	0.1507	benign
Q9BXE9	R226K	0.111	benign
Q9BXE9	R226L	0.1625	benign
Q9BXE9	R226M	0.1925	benign
Q9BXE9	R226N	0.3407	ambiguous
Q9BXE9	R226P	0.1781	benign
Q9BXE9	R226Q	0.1069	benign
Q9BXE9	R226S	0.2364	benign
Q9BXE9	R226T	0.1353	benign
Q9BXE9	R226V	0.1942	benign
Q9BXE9	R226W	0.1322	benign
Q9BXE9	R226Y	0.2816	benign
Q9BXE9	S227A	0.0762	benign
Q9BXE9	S227C	0.0906	benign
Q9BXE9	S227D	0.2709	benign
Q9BXE9	S227E	0.323	benign
Q9BXE9	S227F	0.1387	benign
Q9BXE9	S227G	0.1042	benign
Q9BXE9	S227H	0.2088	benign
Q9BXE9	S227I	0.1438	benign
Q9BXE9	S227K	0.4128	ambiguous
Q9BXE9	S227L	0.1262	benign
Q9BXE9	S227M	0.2356	benign
Q9BXE9	S227N	0.1715	benign
Q9BXE9	S227P	0.0751	benign
Q9BXE9	S227Q	0.3193	benign
Q9BXE9	S227R	0.3051	benign
Q9BXE9	S227T	0.0886	benign
Q9BXE9	S227V	0.1377	benign
Q9BXE9	S227W	0.1506	benign
Q9BXE9	S227Y	0.1096	benign
Q9BXE9	S228A	0.1078	benign
Q9BXE9	S228C	0.113	benign
Q9BXE9	S228D	0.4295	ambiguous
Q9BXE9	S228E	0.5281	ambiguous
Q9BXE9	S228F	0.1559	benign
Q9BXE9	S228G	0.1754	benign
Q9BXE9	S228H	0.2858	benign
Q9BXE9	S228I	0.2188	benign
Q9BXE9	S228K	0.6332	pathogenic
Q9BXE9	S228L	0.1378	benign
Q9BXE9	S228M	0.2987	benign
Q9BXE9	S228N	0.3037	benign
Q9BXE9	S228P	0.1036	benign
Q9BXE9	S228Q	0.4754	ambiguous
Q9BXE9	S228R	0.4995	ambiguous
Q9BXE9	S228T	0.1152	benign
Q9BXE9	S228V	0.1979	benign
Q9BXE9	S228W	0.203	benign
Q9BXE9	S228Y	0.1538	benign
Q9BXE9	P229A	0.0851	benign
Q9BXE9	P229C	0.4156	ambiguous
Q9BXE9	P229D	0.4031	ambiguous
Q9BXE9	P229E	0.2925	benign
Q9BXE9	P229F	0.4237	ambiguous
Q9BXE9	P229G	0.3065	benign
Q9BXE9	P229H	0.1772	benign
Q9BXE9	P229I	0.292	benign
Q9BXE9	P229K	0.2712	benign
Q9BXE9	P229L	0.1263	benign
Q9BXE9	P229M	0.3503	ambiguous
Q9BXE9	P229N	0.3876	ambiguous
Q9BXE9	P229Q	0.1892	benign
Q9BXE9	P229R	0.1421	benign
Q9BXE9	P229S	0.1434	benign
Q9BXE9	P229T	0.1118	benign
Q9BXE9	P229V	0.203	benign
Q9BXE9	P229W	0.4436	ambiguous
Q9BXE9	P229Y	0.3918	ambiguous
Q9BXE9	E230A	0.1837	benign
Q9BXE9	E230C	0.8099	pathogenic
Q9BXE9	E230D	0.4297	ambiguous
Q9BXE9	E230F	0.7379	pathogenic
Q9BXE9	E230G	0.2249	benign
Q9BXE9	E230H	0.5102	ambiguous
Q9BXE9	E230I	0.4201	ambiguous
Q9BXE9	E230K	0.1908	benign
Q9BXE9	E230L	0.5001	ambiguous
Q9BXE9	E230M	0.5867	pathogenic
Q9BXE9	E230N	0.5909	pathogenic
Q9BXE9	E230P	0.5415	ambiguous
Q9BXE9	E230Q	0.1587	benign
Q9BXE9	E230R	0.2166	benign
Q9BXE9	E230S	0.3529	ambiguous
Q9BXE9	E230T	0.3615	ambiguous
Q9BXE9	E230V	0.2331	benign
Q9BXE9	E230W	0.8624	pathogenic
Q9BXE9	E230Y	0.6485	pathogenic
Q9BXE9	S231A	0.0989	benign
Q9BXE9	S231C	0.1071	benign
Q9BXE9	S231D	0.2349	benign
Q9BXE9	S231E	0.3434	ambiguous
Q9BXE9	S231F	0.2121	benign
Q9BXE9	S231G	0.105	benign
Q9BXE9	S231H	0.2596	benign
Q9BXE9	S231I	0.1633	benign
Q9BXE9	S231K	0.4506	ambiguous
Q9BXE9	S231L	0.1548	benign
Q9BXE9	S231M	0.2394	benign
Q9BXE9	S231N	0.141	benign
Q9BXE9	S231P	0.2732	benign
Q9BXE9	S231Q	0.3855	ambiguous
Q9BXE9	S231R	0.365	ambiguous
Q9BXE9	S231T	0.0884	benign
Q9BXE9	S231V	0.1901	benign
Q9BXE9	S231W	0.1904	benign
Q9BXE9	S231Y	0.1264	benign
Q9BXE9	R232A	0.2589	benign
Q9BXE9	R232C	0.2256	benign
Q9BXE9	R232D	0.5239	ambiguous
Q9BXE9	R232E	0.2773	benign
Q9BXE9	R232F	0.4712	ambiguous
Q9BXE9	R232G	0.1684	benign
Q9BXE9	R232H	0.158	benign
Q9BXE9	R232I	0.2126	benign
Q9BXE9	R232K	0.1234	benign
Q9BXE9	R232L	0.2094	benign
Q9BXE9	R232M	0.2252	benign
Q9BXE9	R232N	0.4965	ambiguous
Q9BXE9	R232P	0.3996	ambiguous
Q9BXE9	R232Q	0.1206	benign
Q9BXE9	R232S	0.3543	ambiguous
Q9BXE9	R232T	0.1575	benign
Q9BXE9	R232V	0.2717	benign
Q9BXE9	R232W	0.1684	benign
Q9BXE9	R232Y	0.4308	ambiguous
Q9BXE9	V233A	0.134	benign
Q9BXE9	V233C	0.6768	pathogenic
Q9BXE9	V233D	0.2762	benign
Q9BXE9	V233E	0.2935	benign
Q9BXE9	V233F	0.2181	benign
Q9BXE9	V233G	0.2136	benign
Q9BXE9	V233H	0.5899	pathogenic
Q9BXE9	V233I	0.1205	benign
Q9BXE9	V233K	0.4652	ambiguous
Q9BXE9	V233L	0.2853	benign
Q9BXE9	V233M	0.2377	benign
Q9BXE9	V233N	0.3237	benign
Q9BXE9	V233P	0.4943	ambiguous
Q9BXE9	V233Q	0.4182	ambiguous
Q9BXE9	V233R	0.3418	ambiguous
Q9BXE9	V233S	0.2561	benign
Q9BXE9	V233T	0.2938	benign
Q9BXE9	V233W	0.7742	pathogenic
Q9BXE9	V233Y	0.5327	ambiguous
Q9BXE9	T234A	0.133	benign
Q9BXE9	T234C	0.5505	ambiguous
Q9BXE9	T234D	0.5475	ambiguous
Q9BXE9	T234E	0.499	ambiguous
Q9BXE9	T234F	0.3413	ambiguous
Q9BXE9	T234G	0.3869	ambiguous
Q9BXE9	T234H	0.3946	ambiguous
Q9BXE9	T234I	0.1843	benign
Q9BXE9	T234K	0.3332	benign
Q9BXE9	T234L	0.167	benign
Q9BXE9	T234M	0.1374	benign
Q9BXE9	T234N	0.2349	benign
Q9BXE9	T234P	0.1527	benign
Q9BXE9	T234Q	0.3454	ambiguous
Q9BXE9	T234R	0.2373	benign
Q9BXE9	T234S	0.1895	benign
Q9BXE9	T234V	0.2367	benign
Q9BXE9	T234W	0.6187	pathogenic
Q9BXE9	T234Y	0.4367	ambiguous
Q9BXE9	Q235A	0.1898	benign
Q9BXE9	Q235C	0.5165	ambiguous
Q9BXE9	Q235D	0.3768	ambiguous
Q9BXE9	Q235E	0.0879	benign
Q9BXE9	Q235F	0.596	pathogenic
Q9BXE9	Q235G	0.1952	benign
Q9BXE9	Q235H	0.2169	benign
Q9BXE9	Q235I	0.3693	ambiguous
Q9BXE9	Q235K	0.0882	benign
Q9BXE9	Q235L	0.1514	benign
Q9BXE9	Q235M	0.3803	ambiguous
Q9BXE9	Q235N	0.321	benign
Q9BXE9	Q235P	0.1652	benign
Q9BXE9	Q235R	0.0748	benign
Q9BXE9	Q235S	0.2568	benign
Q9BXE9	Q235T	0.2049	benign
Q9BXE9	Q235V	0.2313	benign
Q9BXE9	Q235W	0.3474	ambiguous
Q9BXE9	Q235Y	0.3878	ambiguous
Q9BXE9	S236A	0.1358	benign
Q9BXE9	S236C	0.1253	benign
Q9BXE9	S236D	0.2636	benign
Q9BXE9	S236E	0.4091	ambiguous
Q9BXE9	S236F	0.4353	ambiguous
Q9BXE9	S236G	0.0892	benign
Q9BXE9	S236H	0.3059	benign
Q9BXE9	S236I	0.1908	benign
Q9BXE9	S236K	0.5013	ambiguous
Q9BXE9	S236L	0.2788	benign
Q9BXE9	S236M	0.2916	benign
Q9BXE9	S236N	0.1267	benign
Q9BXE9	S236P	0.4482	ambiguous
Q9BXE9	S236Q	0.442	ambiguous
Q9BXE9	S236R	0.3921	ambiguous
Q9BXE9	S236T	0.1026	benign
Q9BXE9	S236V	0.2529	benign
Q9BXE9	S236W	0.3342	benign
Q9BXE9	S236Y	0.2615	benign
Q9BXE9	I237A	0.5885	pathogenic
Q9BXE9	I237C	0.7653	pathogenic
Q9BXE9	I237D	0.698	pathogenic
Q9BXE9	I237E	0.7605	pathogenic
Q9BXE9	I237F	0.2445	benign
Q9BXE9	I237G	0.7727	pathogenic
Q9BXE9	I237H	0.591	pathogenic
Q9BXE9	I237K	0.5765	pathogenic
Q9BXE9	I237L	0.2044	benign
Q9BXE9	I237M	0.2333	benign
Q9BXE9	I237N	0.2896	benign
Q9BXE9	I237P	0.7228	pathogenic
Q9BXE9	I237Q	0.6306	pathogenic
Q9BXE9	I237R	0.4219	ambiguous
Q9BXE9	I237S	0.3826	ambiguous
Q9BXE9	I237T	0.4339	ambiguous
Q9BXE9	I237V	0.1285	benign
Q9BXE9	I237W	0.8367	pathogenic
Q9BXE9	I237Y	0.5887	pathogenic
Q9BXE9	L238A	0.276	benign
Q9BXE9	L238C	0.5626	ambiguous
Q9BXE9	L238D	0.7876	pathogenic
Q9BXE9	L238E	0.5769	pathogenic
Q9BXE9	L238F	0.1657	benign
Q9BXE9	L238G	0.5435	ambiguous
Q9BXE9	L238H	0.3515	ambiguous
Q9BXE9	L238I	0.1222	benign
Q9BXE9	L238K	0.4361	ambiguous
Q9BXE9	L238M	0.1784	benign
Q9BXE9	L238N	0.5885	pathogenic
Q9BXE9	L238P	0.2392	benign
Q9BXE9	L238Q	0.3028	benign
Q9BXE9	L238R	0.2521	benign
Q9BXE9	L238S	0.3575	ambiguous
Q9BXE9	L238T	0.2447	benign
Q9BXE9	L238V	0.1175	benign
Q9BXE9	L238W	0.2904	benign
Q9BXE9	L238Y	0.5378	ambiguous
Q9BXE9	V239A	0.2137	benign
Q9BXE9	V239C	0.5837	pathogenic
Q9BXE9	V239D	0.4418	ambiguous
Q9BXE9	V239E	0.5207	ambiguous
Q9BXE9	V239F	0.135	benign
Q9BXE9	V239G	0.208	benign
Q9BXE9	V239H	0.5869	pathogenic
Q9BXE9	V239I	0.1037	benign
Q9BXE9	V239K	0.5753	pathogenic
Q9BXE9	V239L	0.1356	benign
Q9BXE9	V239M	0.247	benign
Q9BXE9	V239N	0.4394	ambiguous
Q9BXE9	V239P	0.3745	ambiguous
Q9BXE9	V239Q	0.4912	ambiguous
Q9BXE9	V239R	0.4215	ambiguous
Q9BXE9	V239S	0.2941	benign
Q9BXE9	V239T	0.3379	benign
Q9BXE9	V239W	0.6684	pathogenic
Q9BXE9	V239Y	0.458	ambiguous
Q9BXE9	L240A	0.2817	benign
Q9BXE9	L240C	0.5814	pathogenic
Q9BXE9	L240D	0.7095	pathogenic
Q9BXE9	L240E	0.4712	ambiguous
Q9BXE9	L240F	0.1559	benign
Q9BXE9	L240G	0.5315	ambiguous
Q9BXE9	L240H	0.2935	benign
Q9BXE9	L240I	0.1478	benign
Q9BXE9	L240K	0.3695	ambiguous
Q9BXE9	L240M	0.1763	benign
Q9BXE9	L240N	0.5457	ambiguous
Q9BXE9	L240P	0.2389	benign
Q9BXE9	L240Q	0.2299	benign
Q9BXE9	L240R	0.2248	benign
Q9BXE9	L240S	0.3603	ambiguous
Q9BXE9	L240T	0.2491	benign
Q9BXE9	L240V	0.1344	benign
Q9BXE9	L240W	0.2691	benign
Q9BXE9	L240Y	0.5018	ambiguous
Q9BXE9	V241A	0.1816	benign
Q9BXE9	V241C	0.6028	pathogenic
Q9BXE9	V241D	0.3825	ambiguous
Q9BXE9	V241E	0.3703	ambiguous
Q9BXE9	V241F	0.1615	benign
Q9BXE9	V241G	0.1432	benign
Q9BXE9	V241H	0.6108	pathogenic
Q9BXE9	V241I	0.1439	benign
Q9BXE9	V241K	0.5228	ambiguous
Q9BXE9	V241L	0.1782	benign
Q9BXE9	V241M	0.2233	benign
Q9BXE9	V241N	0.4251	ambiguous
Q9BXE9	V241P	0.4252	ambiguous
Q9BXE9	V241Q	0.3734	ambiguous
Q9BXE9	V241R	0.3675	ambiguous
Q9BXE9	V241S	0.2647	benign
Q9BXE9	V241T	0.3201	benign
Q9BXE9	V241W	0.6862	pathogenic
Q9BXE9	V241Y	0.5342	ambiguous
Q9BXE9	S242A	0.1057	benign
Q9BXE9	S242C	0.0926	benign
Q9BXE9	S242D	0.6127	pathogenic
Q9BXE9	S242E	0.7345	pathogenic
Q9BXE9	S242F	0.209	benign
Q9BXE9	S242G	0.0793	benign
Q9BXE9	S242H	0.5144	ambiguous
Q9BXE9	S242I	0.152	benign
Q9BXE9	S242K	0.8333	pathogenic
Q9BXE9	S242L	0.1618	benign
Q9BXE9	S242M	0.2402	benign
Q9BXE9	S242N	0.2726	benign
Q9BXE9	S242P	0.2606	benign
Q9BXE9	S242Q	0.7032	pathogenic
Q9BXE9	S242R	0.725	pathogenic
Q9BXE9	S242T	0.1083	benign
Q9BXE9	S242V	0.2011	benign
Q9BXE9	S242W	0.2689	benign
Q9BXE9	S242Y	0.2678	benign
Q9BXE9	T243A	0.1013	benign
Q9BXE9	T243C	0.3402	ambiguous
Q9BXE9	T243D	0.4753	ambiguous
Q9BXE9	T243E	0.5361	ambiguous
Q9BXE9	T243F	0.1732	benign
Q9BXE9	T243G	0.257	benign
Q9BXE9	T243H	0.2865	benign
Q9BXE9	T243I	0.1349	benign
Q9BXE9	T243K	0.4114	ambiguous
Q9BXE9	T243L	0.1126	benign
Q9BXE9	T243M	0.1061	benign
Q9BXE9	T243N	0.173	benign
Q9BXE9	T243P	0.1097	benign
Q9BXE9	T243Q	0.3751	ambiguous
Q9BXE9	T243R	0.2904	benign
Q9BXE9	T243S	0.1334	benign
Q9BXE9	T243V	0.1463	benign
Q9BXE9	T243W	0.4669	ambiguous
Q9BXE9	T243Y	0.271	benign
Q9BXE9	L244A	0.2095	benign
Q9BXE9	L244C	0.3195	benign
Q9BXE9	L244D	0.5848	pathogenic
Q9BXE9	L244E	0.4183	ambiguous
Q9BXE9	L244F	0.063	benign
Q9BXE9	L244G	0.3761	ambiguous
Q9BXE9	L244H	0.2009	benign
Q9BXE9	L244I	0.0806	benign
Q9BXE9	L244K	0.3542	ambiguous
Q9BXE9	L244M	0.1331	benign
Q9BXE9	L244N	0.358	ambiguous
Q9BXE9	L244P	0.2053	benign
Q9BXE9	L244Q	0.1903	benign
Q9BXE9	L244R	0.2018	benign
Q9BXE9	L244S	0.2174	benign
Q9BXE9	L244T	0.195	benign
Q9BXE9	L244V	0.0755	benign
Q9BXE9	L244W	0.2108	benign
Q9BXE9	L244Y	0.2275	benign
Q9BXE9	C245A	0.2001	benign
Q9BXE9	C245D	0.4847	ambiguous
Q9BXE9	C245E	0.6754	pathogenic
Q9BXE9	C245F	0.1019	benign
Q9BXE9	C245G	0.1013	benign
Q9BXE9	C245H	0.3911	ambiguous
Q9BXE9	C245I	0.2192	benign
Q9BXE9	C245K	0.6725	pathogenic
Q9BXE9	C245L	0.2023	benign
Q9BXE9	C245M	0.4412	ambiguous
Q9BXE9	C245N	0.4003	ambiguous
Q9BXE9	C245P	0.4284	ambiguous
Q9BXE9	C245Q	0.5138	ambiguous
Q9BXE9	C245R	0.3486	ambiguous
Q9BXE9	C245S	0.158	benign
Q9BXE9	C245T	0.249	benign
Q9BXE9	C245V	0.1917	benign
Q9BXE9	C245W	0.2838	benign
Q9BXE9	C245Y	0.1733	benign
Q9BXE9	Y246A	0.2186	benign
Q9BXE9	Y246C	0.0717	benign
Q9BXE9	Y246D	0.2128	benign
Q9BXE9	Y246E	0.6111	pathogenic
Q9BXE9	Y246F	0.0792	benign
Q9BXE9	Y246G	0.1581	benign
Q9BXE9	Y246H	0.1808	benign
Q9BXE9	Y246I	0.1731	benign
Q9BXE9	Y246K	0.5897	pathogenic
Q9BXE9	Y246L	0.1585	benign
Q9BXE9	Y246M	0.3947	ambiguous
Q9BXE9	Y246N	0.152	benign
Q9BXE9	Y246P	0.2763	benign
Q9BXE9	Y246Q	0.4436	ambiguous
Q9BXE9	Y246R	0.3642	ambiguous
Q9BXE9	Y246S	0.0821	benign
Q9BXE9	Y246T	0.1951	benign
Q9BXE9	Y246V	0.1432	benign
Q9BXE9	Y246W	0.2692	benign
Q9BXE9	F247A	0.2101	benign
Q9BXE9	F247C	0.1277	benign
Q9BXE9	F247D	0.4295	ambiguous
Q9BXE9	F247E	0.578	pathogenic
Q9BXE9	F247G	0.3407	ambiguous
Q9BXE9	F247H	0.3195	benign
Q9BXE9	F247I	0.117	benign
Q9BXE9	F247K	0.5652	pathogenic
Q9BXE9	F247L	0.54	ambiguous
Q9BXE9	F247M	0.3527	ambiguous
Q9BXE9	F247N	0.3288	benign
Q9BXE9	F247P	0.5477	ambiguous
Q9BXE9	F247Q	0.4604	ambiguous
Q9BXE9	F247R	0.3669	ambiguous
Q9BXE9	F247S	0.135	benign
Q9BXE9	F247T	0.2026	benign
Q9BXE9	F247V	0.1138	benign
Q9BXE9	F247W	0.3102	benign
Q9BXE9	F247Y	0.1319	benign
Q9BXE9	T248A	0.0825	benign
Q9BXE9	T248C	0.2008	benign
Q9BXE9	T248D	0.2945	benign
Q9BXE9	T248E	0.2745	benign
Q9BXE9	T248F	0.1214	benign
Q9BXE9	T248G	0.1589	benign
Q9BXE9	T248H	0.1361	benign
Q9BXE9	T248I	0.1044	benign
Q9BXE9	T248K	0.2007	benign
Q9BXE9	T248L	0.0679	benign
Q9BXE9	T248M	0.0985	benign
Q9BXE9	T248N	0.1212	benign
Q9BXE9	T248P	0.0541	benign
Q9BXE9	T248Q	0.1721	benign
Q9BXE9	T248R	0.1275	benign
Q9BXE9	T248S	0.0886	benign
Q9BXE9	T248V	0.1176	benign
Q9BXE9	T248W	0.2765	benign
Q9BXE9	T248Y	0.1449	benign
Q9BXE9	R249A	0.1277	benign
Q9BXE9	R249C	0.1197	benign
Q9BXE9	R249D	0.2268	benign
Q9BXE9	R249E	0.196	benign
Q9BXE9	R249F	0.1791	benign
Q9BXE9	R249G	0.0772	benign
Q9BXE9	R249H	0.1002	benign
Q9BXE9	R249I	0.0978	benign
Q9BXE9	R249K	0.1337	benign
Q9BXE9	R249L	0.1047	benign
Q9BXE9	R249M	0.1518	benign
Q9BXE9	R249N	0.2207	benign
Q9BXE9	R249P	0.1237	benign
Q9BXE9	R249Q	0.1032	benign
Q9BXE9	R249S	0.1314	benign
Q9BXE9	R249T	0.0949	benign
Q9BXE9	R249V	0.1245	benign
Q9BXE9	R249W	0.114	benign
Q9BXE9	R249Y	0.1666	benign
Q9BXE9	S250A	0.0886	benign
Q9BXE9	S250C	0.084	benign
Q9BXE9	S250D	0.3002	benign
Q9BXE9	S250E	0.3601	ambiguous
Q9BXE9	S250F	0.1148	benign
Q9BXE9	S250G	0.1103	benign
Q9BXE9	S250H	0.2068	benign
Q9BXE9	S250I	0.1075	benign
Q9BXE9	S250K	0.4357	ambiguous
Q9BXE9	S250L	0.1133	benign
Q9BXE9	S250M	0.2101	benign
Q9BXE9	S250N	0.1721	benign
Q9BXE9	S250P	0.0859	benign
Q9BXE9	S250Q	0.3363	benign
Q9BXE9	S250R	0.3563	ambiguous
Q9BXE9	S250T	0.0871	benign
Q9BXE9	S250V	0.1257	benign
Q9BXE9	S250W	0.1779	benign
Q9BXE9	S250Y	0.1056	benign
Q9BXE9	P251A	0.0736	benign
Q9BXE9	P251C	0.2095	benign
Q9BXE9	P251D	0.2711	benign
Q9BXE9	P251E	0.2198	benign
Q9BXE9	P251F	0.174	benign
Q9BXE9	P251G	0.1841	benign
Q9BXE9	P251H	0.1093	benign
Q9BXE9	P251I	0.1123	benign
Q9BXE9	P251K	0.1877	benign
Q9BXE9	P251L	0.0832	benign
Q9BXE9	P251M	0.189	benign
Q9BXE9	P251N	0.2101	benign
Q9BXE9	P251Q	0.1186	benign
Q9BXE9	P251R	0.1202	benign
Q9BXE9	P251S	0.0823	benign
Q9BXE9	P251T	0.072	benign
Q9BXE9	P251V	0.1057	benign
Q9BXE9	P251W	0.3053	benign
Q9BXE9	P251Y	0.1865	benign
Q9BXE9	P252A	0.0672	benign
Q9BXE9	P252C	0.1779	benign
Q9BXE9	P252D	0.261	benign
Q9BXE9	P252E	0.2115	benign
Q9BXE9	P252F	0.153	benign
Q9BXE9	P252G	0.1703	benign
Q9BXE9	P252H	0.1156	benign
Q9BXE9	P252I	0.1201	benign
Q9BXE9	P252K	0.2033	benign
Q9BXE9	P252L	0.0825	benign
Q9BXE9	P252M	0.2001	benign
Q9BXE9	P252N	0.2276	benign
Q9BXE9	P252Q	0.1226	benign
Q9BXE9	P252R	0.1117	benign
Q9BXE9	P252S	0.0867	benign
Q9BXE9	P252T	0.0774	benign
Q9BXE9	P252V	0.1006	benign
Q9BXE9	P252W	0.2653	benign
Q9BXE9	P252Y	0.1788	benign
Q9BXE9	S253A	0.0785	benign
Q9BXE9	S253C	0.0882	benign
Q9BXE9	S253D	0.2692	benign
Q9BXE9	S253E	0.3282	benign
Q9BXE9	S253F	0.1039	benign
Q9BXE9	S253G	0.0952	benign
Q9BXE9	S253H	0.1822	benign
Q9BXE9	S253I	0.0977	benign
Q9BXE9	S253K	0.4462	ambiguous
Q9BXE9	S253L	0.0965	benign
Q9BXE9	S253M	0.1951	benign
Q9BXE9	S253N	0.1522	benign
Q9BXE9	S253P	0.0802	benign
Q9BXE9	S253Q	0.3087	benign
Q9BXE9	S253R	0.3139	benign
Q9BXE9	S253T	0.0819	benign
Q9BXE9	S253V	0.1131	benign
Q9BXE9	S253W	0.167	benign
Q9BXE9	S253Y	0.1041	benign
Q9BXE9	L254A	0.173	benign
Q9BXE9	L254C	0.3227	benign
Q9BXE9	L254D	0.404	ambiguous
Q9BXE9	L254E	0.266	benign
Q9BXE9	L254F	0.0784	benign
Q9BXE9	L254G	0.2961	benign
Q9BXE9	L254H	0.1486	benign
Q9BXE9	L254I	0.0805	benign
Q9BXE9	L254K	0.2037	benign
Q9BXE9	L254M	0.128	benign
Q9BXE9	L254N	0.2649	benign
Q9BXE9	L254P	0.1078	benign
Q9BXE9	L254Q	0.1303	benign
Q9BXE9	L254R	0.1264	benign
Q9BXE9	L254S	0.1543	benign
Q9BXE9	L254T	0.1502	benign
Q9BXE9	L254V	0.0836	benign
Q9BXE9	L254W	0.1229	benign
Q9BXE9	L254Y	0.2287	benign
Q9BXE9	H255A	0.1837	benign
Q9BXE9	H255C	0.1203	benign
Q9BXE9	H255D	0.1644	benign
Q9BXE9	H255E	0.2156	benign
Q9BXE9	H255F	0.1917	benign
Q9BXE9	H255G	0.182	benign
Q9BXE9	H255I	0.1947	benign
Q9BXE9	H255K	0.214	benign
Q9BXE9	H255L	0.0919	benign
Q9BXE9	H255M	0.3555	ambiguous
Q9BXE9	H255N	0.1211	benign
Q9BXE9	H255P	0.0737	benign
Q9BXE9	H255Q	0.1373	benign
Q9BXE9	H255R	0.0913	benign
Q9BXE9	H255S	0.1463	benign
Q9BXE9	H255T	0.1846	benign
Q9BXE9	H255V	0.1651	benign
Q9BXE9	H255W	0.2096	benign
Q9BXE9	H255Y	0.0785	benign
Q9BXE9	M256A	0.2023	benign
Q9BXE9	M256C	0.4758	ambiguous
Q9BXE9	M256D	0.3803	ambiguous
Q9BXE9	M256E	0.2696	benign
Q9BXE9	M256F	0.1559	benign
Q9BXE9	M256G	0.2737	benign
Q9BXE9	M256H	0.2441	benign
Q9BXE9	M256I	0.1554	benign
Q9BXE9	M256K	0.1407	benign
Q9BXE9	M256L	0.0812	benign
Q9BXE9	M256N	0.2529	benign
Q9BXE9	M256P	0.1968	benign
Q9BXE9	M256Q	0.1609	benign
Q9BXE9	M256R	0.1152	benign
Q9BXE9	M256S	0.2094	benign
Q9BXE9	M256T	0.1253	benign
Q9BXE9	M256V	0.0592	benign
Q9BXE9	M256W	0.3403	ambiguous
Q9BXE9	M256Y	0.3177	benign
Q9BXE9	S257A	0.0769	benign
Q9BXE9	S257C	0.0999	benign
Q9BXE9	S257D	0.2197	benign
Q9BXE9	S257E	0.2971	benign
Q9BXE9	S257F	0.1244	benign
Q9BXE9	S257G	0.0919	benign
Q9BXE9	S257H	0.1941	benign
Q9BXE9	S257I	0.1128	benign
Q9BXE9	S257K	0.4327	ambiguous
Q9BXE9	S257L	0.108	benign
Q9BXE9	S257M	0.191	benign
Q9BXE9	S257N	0.141	benign
Q9BXE9	S257P	0.0786	benign
Q9BXE9	S257Q	0.3211	benign
Q9BXE9	S257R	0.3393	benign
Q9BXE9	S257T	0.0846	benign
Q9BXE9	S257V	0.1236	benign
Q9BXE9	S257W	0.1772	benign
Q9BXE9	S257Y	0.1044	benign
Q9BXE9	L258A	0.1524	benign
Q9BXE9	L258C	0.2887	benign
Q9BXE9	L258D	0.3016	benign
Q9BXE9	L258E	0.2534	benign
Q9BXE9	L258F	0.0823	benign
Q9BXE9	L258G	0.2535	benign
Q9BXE9	L258H	0.1365	benign
Q9BXE9	L258I	0.08	benign
Q9BXE9	L258K	0.2062	benign
Q9BXE9	L258M	0.1299	benign
Q9BXE9	L258N	0.1982	benign
Q9BXE9	L258P	0.102	benign
Q9BXE9	L258Q	0.1423	benign
Q9BXE9	L258R	0.121	benign
Q9BXE9	L258S	0.1435	benign
Q9BXE9	L258T	0.1517	benign
Q9BXE9	L258V	0.0788	benign
Q9BXE9	L258W	0.1343	benign
Q9BXE9	L258Y	0.1915	benign
Q9BXE9	F259A	0.2611	benign
Q9BXE9	F259C	0.2161	benign
Q9BXE9	F259D	0.295	benign
Q9BXE9	F259E	0.4221	ambiguous
Q9BXE9	F259G	0.3675	ambiguous
Q9BXE9	F259H	0.2381	benign
Q9BXE9	F259I	0.1203	benign
Q9BXE9	F259K	0.3939	ambiguous
Q9BXE9	F259L	0.4879	ambiguous
Q9BXE9	F259M	0.3821	ambiguous
Q9BXE9	F259N	0.2512	benign
Q9BXE9	F259P	0.4189	ambiguous
Q9BXE9	F259Q	0.3338	benign
Q9BXE9	F259R	0.2879	benign
Q9BXE9	F259S	0.1135	benign
Q9BXE9	F259T	0.2347	benign
Q9BXE9	F259V	0.142	benign
Q9BXE9	F259W	0.2921	benign
Q9BXE9	F259Y	0.126	benign
Q9BXE9	P260A	0.0925	benign
Q9BXE9	P260C	0.2514	benign
Q9BXE9	P260D	0.1933	benign
Q9BXE9	P260E	0.164	benign
Q9BXE9	P260F	0.2566	benign
Q9BXE9	P260G	0.1747	benign
Q9BXE9	P260H	0.0931	benign
Q9BXE9	P260I	0.1814	benign
Q9BXE9	P260K	0.1579	benign
Q9BXE9	P260L	0.1008	benign
Q9BXE9	P260M	0.2583	benign
Q9BXE9	P260N	0.1851	benign
Q9BXE9	P260Q	0.1015	benign
Q9BXE9	P260R	0.0897	benign
Q9BXE9	P260S	0.0898	benign
Q9BXE9	P260T	0.0909	benign
Q9BXE9	P260V	0.1421	benign
Q9BXE9	P260W	0.2586	benign
Q9BXE9	P260Y	0.1883	benign
Q9BXE9	N261A	0.1436	benign
Q9BXE9	N261C	0.2223	benign
Q9BXE9	N261D	0.0936	benign
Q9BXE9	N261E	0.1851	benign
Q9BXE9	N261F	0.2587	benign
Q9BXE9	N261G	0.2027	benign
Q9BXE9	N261H	0.0828	benign
Q9BXE9	N261I	0.1091	benign
Q9BXE9	N261K	0.1347	benign
Q9BXE9	N261L	0.1413	benign
Q9BXE9	N261M	0.2336	benign
Q9BXE9	N261P	0.2153	benign
Q9BXE9	N261Q	0.1827	benign
Q9BXE9	N261R	0.1392	benign
Q9BXE9	N261S	0.0803	benign
Q9BXE9	N261T	0.1053	benign
Q9BXE9	N261V	0.1204	benign
Q9BXE9	N261W	0.4872	ambiguous
Q9BXE9	N261Y	0.0927	benign
Q9BXE9	P262A	0.1041	benign
Q9BXE9	P262C	0.3903	ambiguous
Q9BXE9	P262D	0.2681	benign
Q9BXE9	P262E	0.2284	benign
Q9BXE9	P262F	0.3433	ambiguous
Q9BXE9	P262G	0.2442	benign
Q9BXE9	P262H	0.1423	benign
Q9BXE9	P262I	0.2179	benign
Q9BXE9	P262K	0.1983	benign
Q9BXE9	P262L	0.1205	benign
Q9BXE9	P262M	0.3119	benign
Q9BXE9	P262N	0.2582	benign
Q9BXE9	P262Q	0.1461	benign
Q9BXE9	P262R	0.1202	benign
Q9BXE9	P262S	0.1225	benign
Q9BXE9	P262T	0.0919	benign
Q9BXE9	P262V	0.1724	benign
Q9BXE9	P262W	0.4522	ambiguous
Q9BXE9	P262Y	0.2806	benign
Q9BXE9	S263A	0.1095	benign
Q9BXE9	S263C	0.1286	benign
Q9BXE9	S263D	0.1985	benign
Q9BXE9	S263E	0.3266	benign
Q9BXE9	S263F	0.2327	benign
Q9BXE9	S263G	0.0763	benign
Q9BXE9	S263H	0.228	benign
Q9BXE9	S263I	0.172	benign
Q9BXE9	S263K	0.3979	ambiguous
Q9BXE9	S263L	0.1627	benign
Q9BXE9	S263M	0.2904	benign
Q9BXE9	S263N	0.1326	benign
Q9BXE9	S263P	0.1207	benign
Q9BXE9	S263Q	0.3337	benign
Q9BXE9	S263R	0.2926	benign
Q9BXE9	S263T	0.1032	benign
Q9BXE9	S263V	0.1888	benign
Q9BXE9	S263W	0.2519	benign
Q9BXE9	S263Y	0.1757	benign
Q9BXE9	W264A	0.1667	benign
Q9BXE9	W264C	0.3148	benign
Q9BXE9	W264D	0.2488	benign
Q9BXE9	W264E	0.262	benign
Q9BXE9	W264F	0.1502	benign
Q9BXE9	W264G	0.0967	benign
Q9BXE9	W264H	0.2762	benign
Q9BXE9	W264I	0.2101	benign
Q9BXE9	W264K	0.2392	benign
Q9BXE9	W264L	0.1118	benign
Q9BXE9	W264M	0.2581	benign
Q9BXE9	W264N	0.2874	benign
Q9BXE9	W264P	0.2342	benign
Q9BXE9	W264Q	0.2555	benign
Q9BXE9	W264R	0.1821	benign
Q9BXE9	W264S	0.109	benign
Q9BXE9	W264T	0.1555	benign
Q9BXE9	W264V	0.1532	benign
Q9BXE9	W264Y	0.2472	benign
Q9BXE9	W265A	0.3153	benign
Q9BXE9	W265C	0.4309	ambiguous
Q9BXE9	W265D	0.4353	ambiguous
Q9BXE9	W265E	0.4816	ambiguous
Q9BXE9	W265F	0.183	benign
Q9BXE9	W265G	0.1669	benign
Q9BXE9	W265H	0.4444	ambiguous
Q9BXE9	W265I	0.2724	benign
Q9BXE9	W265K	0.5412	ambiguous
Q9BXE9	W265L	0.1597	benign
Q9BXE9	W265M	0.3795	ambiguous
Q9BXE9	W265N	0.4569	ambiguous
Q9BXE9	W265P	0.4459	ambiguous
Q9BXE9	W265Q	0.5358	ambiguous
Q9BXE9	W265R	0.4626	ambiguous
Q9BXE9	W265S	0.2099	benign
Q9BXE9	W265T	0.2869	benign
Q9BXE9	W265V	0.2397	benign
Q9BXE9	W265Y	0.2694	benign
Q9BXE9	L266A	0.3099	benign
Q9BXE9	L266C	0.5313	ambiguous
Q9BXE9	L266D	0.5529	ambiguous
Q9BXE9	L266E	0.3393	benign
Q9BXE9	L266F	0.1535	benign
Q9BXE9	L266G	0.4184	ambiguous
Q9BXE9	L266H	0.2311	benign
Q9BXE9	L266I	0.1162	benign
Q9BXE9	L266K	0.2261	benign
Q9BXE9	L266M	0.1518	benign
Q9BXE9	L266N	0.3653	ambiguous
Q9BXE9	L266P	0.2675	benign
Q9BXE9	L266Q	0.1642	benign
Q9BXE9	L266R	0.172	benign
Q9BXE9	L266S	0.3221	benign
Q9BXE9	L266T	0.2972	benign
Q9BXE9	L266V	0.1187	benign
Q9BXE9	L266W	0.255	benign
Q9BXE9	L266Y	0.34	benign
Q9BXE9	L267A	0.174	benign
Q9BXE9	L267C	0.3848	ambiguous
Q9BXE9	L267D	0.3673	ambiguous
Q9BXE9	L267E	0.189	benign
Q9BXE9	L267F	0.1398	benign
Q9BXE9	L267G	0.2439	benign
Q9BXE9	L267H	0.1818	benign
Q9BXE9	L267I	0.101	benign
Q9BXE9	L267K	0.1314	benign
Q9BXE9	L267M	0.1204	benign
Q9BXE9	L267N	0.2313	benign
Q9BXE9	L267P	0.1763	benign
Q9BXE9	L267Q	0.0986	benign
Q9BXE9	L267R	0.0961	benign
Q9BXE9	L267S	0.1882	benign
Q9BXE9	L267T	0.1651	benign
Q9BXE9	L267V	0.0706	benign
Q9BXE9	L267W	0.1543	benign
Q9BXE9	L267Y	0.262	benign
Q9BXE9	N268A	0.2403	benign
Q9BXE9	N268C	0.3268	benign
Q9BXE9	N268D	0.133	benign
Q9BXE9	N268E	0.3191	benign
Q9BXE9	N268F	0.4693	ambiguous
Q9BXE9	N268G	0.2726	benign
Q9BXE9	N268H	0.1095	benign
Q9BXE9	N268I	0.2077	benign
Q9BXE9	N268K	0.2591	benign
Q9BXE9	N268L	0.2115	benign
Q9BXE9	N268M	0.3574	ambiguous
Q9BXE9	N268P	0.3477	ambiguous
Q9BXE9	N268Q	0.2792	benign
Q9BXE9	N268R	0.2562	benign
Q9BXE9	N268S	0.0953	benign
Q9BXE9	N268T	0.1516	benign
Q9BXE9	N268V	0.2237	benign
Q9BXE9	N268W	0.6082	pathogenic
Q9BXE9	N268Y	0.1305	benign
Q9BXE9	T269A	0.0833	benign
Q9BXE9	T269C	0.3579	ambiguous
Q9BXE9	T269D	0.3694	ambiguous
Q9BXE9	T269E	0.3735	ambiguous
Q9BXE9	T269F	0.1797	benign
Q9BXE9	T269G	0.2165	benign
Q9BXE9	T269H	0.2718	benign
Q9BXE9	T269I	0.1033	benign
Q9BXE9	T269K	0.2713	benign
Q9BXE9	T269L	0.1068	benign
Q9BXE9	T269M	0.1012	benign
Q9BXE9	T269N	0.142	benign
Q9BXE9	T269P	0.1231	benign
Q9BXE9	T269Q	0.3071	benign
Q9BXE9	T269R	0.1899	benign
Q9BXE9	T269S	0.1227	benign
Q9BXE9	T269V	0.1308	benign
Q9BXE9	T269W	0.4351	ambiguous
Q9BXE9	T269Y	0.2173	benign
Q9BXE9	S270A	0.0849	benign
Q9BXE9	S270C	0.1545	benign
Q9BXE9	S270D	0.3791	ambiguous
Q9BXE9	S270E	0.4969	ambiguous
Q9BXE9	S270F	0.2731	benign
Q9BXE9	S270G	0.096	benign
Q9BXE9	S270H	0.3744	ambiguous
Q9BXE9	S270I	0.2477	benign
Q9BXE9	S270K	0.6595	pathogenic
Q9BXE9	S270L	0.175	benign
Q9BXE9	S270M	0.3046	benign
Q9BXE9	S270N	0.2197	benign
Q9BXE9	S270P	0.2264	benign
Q9BXE9	S270Q	0.5165	ambiguous
Q9BXE9	S270R	0.537	ambiguous
Q9BXE9	S270T	0.0987	benign
Q9BXE9	S270V	0.2216	benign
Q9BXE9	S270W	0.2921	benign
Q9BXE9	S270Y	0.2039	benign
Q9BXE9	A271C	0.4439	ambiguous
Q9BXE9	A271D	0.2426	benign
Q9BXE9	A271E	0.2882	benign
Q9BXE9	A271F	0.2671	benign
Q9BXE9	A271G	0.1452	benign
Q9BXE9	A271H	0.4268	ambiguous
Q9BXE9	A271I	0.2177	benign
Q9BXE9	A271K	0.4774	ambiguous
Q9BXE9	A271L	0.1717	benign
Q9BXE9	A271M	0.2732	benign
Q9BXE9	A271N	0.2671	benign
Q9BXE9	A271P	0.2316	benign
Q9BXE9	A271Q	0.3757	ambiguous
Q9BXE9	A271R	0.3604	ambiguous
Q9BXE9	A271S	0.1062	benign
Q9BXE9	A271T	0.0937	benign
Q9BXE9	A271V	0.1196	benign
Q9BXE9	A271W	0.6065	pathogenic
Q9BXE9	A271Y	0.387	ambiguous
Q9BXE9	L272A	0.2727	benign
Q9BXE9	L272C	0.477	ambiguous
Q9BXE9	L272D	0.7229	pathogenic
Q9BXE9	L272E	0.5491	ambiguous
Q9BXE9	L272F	0.1088	benign
Q9BXE9	L272G	0.4957	ambiguous
Q9BXE9	L272H	0.3544	ambiguous
Q9BXE9	L272I	0.1046	benign
Q9BXE9	L272K	0.4431	ambiguous
Q9BXE9	L272M	0.1492	benign
Q9BXE9	L272N	0.4896	ambiguous
Q9BXE9	L272P	0.3076	benign
Q9BXE9	L272Q	0.3045	benign
Q9BXE9	L272R	0.3041	benign
Q9BXE9	L272S	0.3361	benign
Q9BXE9	L272T	0.2773	benign
Q9BXE9	L272V	0.1	benign
Q9BXE9	L272W	0.2641	benign
Q9BXE9	L272Y	0.4064	ambiguous
Q9BXE9	I273A	0.3048	benign
Q9BXE9	I273C	0.5701	pathogenic
Q9BXE9	I273D	0.608	pathogenic
Q9BXE9	I273E	0.5147	ambiguous
Q9BXE9	I273F	0.1101	benign
Q9BXE9	I273G	0.4996	ambiguous
Q9BXE9	I273H	0.4255	ambiguous
Q9BXE9	I273K	0.3669	ambiguous
Q9BXE9	I273L	0.0908	benign
Q9BXE9	I273M	0.0962	benign
Q9BXE9	I273N	0.2271	benign
Q9BXE9	I273P	0.5742	pathogenic
Q9BXE9	I273Q	0.3663	ambiguous
Q9BXE9	I273R	0.2558	benign
Q9BXE9	I273S	0.2251	benign
Q9BXE9	I273T	0.1963	benign
Q9BXE9	I273V	0.1101	benign
Q9BXE9	I273W	0.5457	ambiguous
Q9BXE9	I273Y	0.3891	ambiguous
Q9BXE9	T274A	0.075	benign
Q9BXE9	T274C	0.4209	ambiguous
Q9BXE9	T274D	0.2361	benign
Q9BXE9	T274E	0.267	benign
Q9BXE9	T274F	0.2512	benign
Q9BXE9	T274G	0.209	benign
Q9BXE9	T274H	0.232	benign
Q9BXE9	T274I	0.2048	benign
Q9BXE9	T274K	0.2589	benign
Q9BXE9	T274L	0.1356	benign
Q9BXE9	T274M	0.1197	benign
Q9BXE9	T274N	0.1107	benign
Q9BXE9	T274P	0.1016	benign
Q9BXE9	T274Q	0.2549	benign
Q9BXE9	T274R	0.1701	benign
Q9BXE9	T274S	0.1068	benign
Q9BXE9	T274V	0.1736	benign
Q9BXE9	T274W	0.5093	ambiguous
Q9BXE9	T274Y	0.2558	benign
Q9BXE9	A275C	0.4154	ambiguous
Q9BXE9	A275D	0.3293	benign
Q9BXE9	A275E	0.3517	ambiguous
Q9BXE9	A275F	0.3248	benign
Q9BXE9	A275G	0.1262	benign
Q9BXE9	A275H	0.5495	ambiguous
Q9BXE9	A275I	0.2407	benign
Q9BXE9	A275K	0.5759	pathogenic
Q9BXE9	A275L	0.1805	benign
Q9BXE9	A275M	0.2837	benign
Q9BXE9	A275N	0.3296	benign
Q9BXE9	A275P	0.2498	benign
Q9BXE9	A275Q	0.4614	ambiguous
Q9BXE9	A275R	0.4486	ambiguous
Q9BXE9	A275S	0.1132	benign
Q9BXE9	A275T	0.0997	benign
Q9BXE9	A275V	0.1251	benign
Q9BXE9	A275W	0.6577	pathogenic
Q9BXE9	A275Y	0.4587	ambiguous
Q9BXE9	C276A	0.2277	benign
Q9BXE9	C276D	0.5999	pathogenic
Q9BXE9	C276E	0.8224	pathogenic
Q9BXE9	C276F	0.1265	benign
Q9BXE9	C276G	0.1002	benign
Q9BXE9	C276H	0.527	ambiguous
Q9BXE9	C276I	0.3371	benign
Q9BXE9	C276K	0.82	pathogenic
Q9BXE9	C276L	0.3033	benign
Q9BXE9	C276M	0.533	ambiguous
Q9BXE9	C276N	0.5004	ambiguous
Q9BXE9	C276P	0.6192	pathogenic
Q9BXE9	C276Q	0.6809	pathogenic
Q9BXE9	C276R	0.4793	ambiguous
Q9BXE9	C276S	0.1588	benign
Q9BXE9	C276T	0.3029	benign
Q9BXE9	C276V	0.2857	benign
Q9BXE9	C276W	0.3318	benign
Q9BXE9	C276Y	0.2371	benign
Q9BXE9	F277A	0.6929	pathogenic
Q9BXE9	F277C	0.5019	ambiguous
Q9BXE9	F277D	0.8183	pathogenic
Q9BXE9	F277E	0.8814	pathogenic
Q9BXE9	F277G	0.7876	pathogenic
Q9BXE9	F277H	0.6399	pathogenic
Q9BXE9	F277I	0.3007	benign
Q9BXE9	F277K	0.8541	pathogenic
Q9BXE9	F277L	0.8631	pathogenic
Q9BXE9	F277M	0.729	pathogenic
Q9BXE9	F277N	0.7091	pathogenic
Q9BXE9	F277P	0.8192	pathogenic
Q9BXE9	F277Q	0.8075	pathogenic
Q9BXE9	F277R	0.7533	pathogenic
Q9BXE9	F277S	0.4347	ambiguous
Q9BXE9	F277T	0.6827	pathogenic
Q9BXE9	F277V	0.3343	benign
Q9BXE9	F277W	0.5662	pathogenic
Q9BXE9	F277Y	0.2175	benign
Q9BXE9	P278A	0.1762	benign
Q9BXE9	P278C	0.572	pathogenic
Q9BXE9	P278D	0.7462	pathogenic
Q9BXE9	P278E	0.6331	pathogenic
Q9BXE9	P278F	0.6782	pathogenic
Q9BXE9	P278G	0.4999	ambiguous
Q9BXE9	P278H	0.3665	ambiguous
Q9BXE9	P278I	0.5684	pathogenic
Q9BXE9	P278K	0.6578	pathogenic
Q9BXE9	P278L	0.2404	benign
Q9BXE9	P278M	0.6491	pathogenic
Q9BXE9	P278N	0.6796	pathogenic
Q9BXE9	P278Q	0.3606	ambiguous
Q9BXE9	P278R	0.3598	ambiguous
Q9BXE9	P278S	0.2304	benign
Q9BXE9	P278T	0.2615	benign
Q9BXE9	P278V	0.4306	ambiguous
Q9BXE9	P278W	0.7357	pathogenic
Q9BXE9	P278Y	0.6663	pathogenic
Q9BXE9	M279A	0.0975	benign
Q9BXE9	M279C	0.5118	ambiguous
Q9BXE9	M279D	0.6514	pathogenic
Q9BXE9	M279E	0.4772	ambiguous
Q9BXE9	M279F	0.3495	ambiguous
Q9BXE9	M279G	0.3241	benign
Q9BXE9	M279H	0.5702	pathogenic
Q9BXE9	M279I	0.2469	benign
Q9BXE9	M279K	0.3663	ambiguous
Q9BXE9	M279L	0.1523	benign
Q9BXE9	M279N	0.4212	ambiguous
Q9BXE9	M279P	0.3864	ambiguous
Q9BXE9	M279Q	0.3347	benign
Q9BXE9	M279R	0.2712	benign
Q9BXE9	M279S	0.1763	benign
Q9BXE9	M279T	0.0502	benign
Q9BXE9	M279V	0.0695	benign
Q9BXE9	M279W	0.6608	pathogenic
Q9BXE9	M279Y	0.6485	pathogenic
Q9BXE9	V280A	0.1601	benign
Q9BXE9	V280C	0.5599	ambiguous
Q9BXE9	V280D	0.3999	ambiguous
Q9BXE9	V280E	0.4239	ambiguous
Q9BXE9	V280F	0.114	benign
Q9BXE9	V280G	0.1623	benign
Q9BXE9	V280H	0.6108	pathogenic
Q9BXE9	V280I	0.0959	benign
Q9BXE9	V280K	0.5422	ambiguous
Q9BXE9	V280L	0.1391	benign
Q9BXE9	V280M	0.2002	benign
Q9BXE9	V280N	0.4095	ambiguous
Q9BXE9	V280P	0.4259	ambiguous
Q9BXE9	V280Q	0.4691	ambiguous
Q9BXE9	V280R	0.4137	ambiguous
Q9BXE9	V280S	0.2773	benign
Q9BXE9	V280T	0.2848	benign
Q9BXE9	V280W	0.5864	pathogenic
Q9BXE9	V280Y	0.4404	ambiguous
Q9BXE9	S281A	0.1656	benign
Q9BXE9	S281C	0.0997	benign
Q9BXE9	S281D	0.7196	pathogenic
Q9BXE9	S281E	0.7918	pathogenic
Q9BXE9	S281F	0.2637	benign
Q9BXE9	S281G	0.1438	benign
Q9BXE9	S281H	0.5387	ambiguous
Q9BXE9	S281I	0.2315	benign
Q9BXE9	S281K	0.8902	pathogenic
Q9BXE9	S281L	0.2063	benign
Q9BXE9	S281M	0.3606	ambiguous
Q9BXE9	S281N	0.3747	ambiguous
Q9BXE9	S281P	0.2883	benign
Q9BXE9	S281Q	0.7439	pathogenic
Q9BXE9	S281R	0.794	pathogenic
Q9BXE9	S281T	0.1731	benign
Q9BXE9	S281V	0.3194	benign
Q9BXE9	S281W	0.3705	ambiguous
Q9BXE9	S281Y	0.2655	benign
Q9BXE9	P282A	0.2314	benign
Q9BXE9	P282C	0.6113	pathogenic
Q9BXE9	P282D	0.7281	pathogenic
Q9BXE9	P282E	0.7261	pathogenic
Q9BXE9	P282F	0.74	pathogenic
Q9BXE9	P282G	0.5708	pathogenic
Q9BXE9	P282H	0.3754	ambiguous
Q9BXE9	P282I	0.5519	ambiguous
Q9BXE9	P282K	0.711	pathogenic
Q9BXE9	P282L	0.2819	benign
Q9BXE9	P282M	0.6862	pathogenic
Q9BXE9	P282N	0.6496	pathogenic
Q9BXE9	P282Q	0.5033	ambiguous
Q9BXE9	P282R	0.4019	ambiguous
Q9BXE9	P282S	0.2791	benign
Q9BXE9	P282T	0.2762	benign
Q9BXE9	P282V	0.4445	ambiguous
Q9BXE9	P282W	0.7811	pathogenic
Q9BXE9	P282Y	0.6883	pathogenic
Q9BXE9	F283A	0.4108	ambiguous
Q9BXE9	F283C	0.3394	benign
Q9BXE9	F283D	0.7779	pathogenic
Q9BXE9	F283E	0.8572	pathogenic
Q9BXE9	F283G	0.6699	pathogenic
Q9BXE9	F283H	0.6525	pathogenic
Q9BXE9	F283I	0.251	benign
Q9BXE9	F283K	0.8486	pathogenic
Q9BXE9	F283L	0.7778	pathogenic
Q9BXE9	F283M	0.5775	pathogenic
Q9BXE9	F283N	0.6985	pathogenic
Q9BXE9	F283P	0.8222	pathogenic
Q9BXE9	F283Q	0.8127	pathogenic
Q9BXE9	F283R	0.6994	pathogenic
Q9BXE9	F283S	0.3079	benign
Q9BXE9	F283T	0.4554	ambiguous
Q9BXE9	F283V	0.2325	benign
Q9BXE9	F283W	0.3955	ambiguous
Q9BXE9	F283Y	0.1981	benign
Q9BXE9	V284A	0.36	ambiguous
Q9BXE9	V284C	0.6503	pathogenic
Q9BXE9	V284D	0.5819	pathogenic
Q9BXE9	V284E	0.5949	pathogenic
Q9BXE9	V284F	0.1704	benign
Q9BXE9	V284G	0.348	ambiguous
Q9BXE9	V284H	0.6483	pathogenic
Q9BXE9	V284I	0.0861	benign
Q9BXE9	V284K	0.6381	pathogenic
Q9BXE9	V284L	0.1362	benign
Q9BXE9	V284M	0.2716	benign
Q9BXE9	V284N	0.5526	ambiguous
Q9BXE9	V284P	0.5049	ambiguous
Q9BXE9	V284Q	0.515	ambiguous
Q9BXE9	V284R	0.4552	ambiguous
Q9BXE9	V284S	0.4143	ambiguous
Q9BXE9	V284T	0.4712	ambiguous
Q9BXE9	V284W	0.7314	pathogenic
Q9BXE9	V284Y	0.5559	ambiguous
Q9BXE9	L285A	0.3906	ambiguous
Q9BXE9	L285C	0.5636	ambiguous
Q9BXE9	L285D	0.7471	pathogenic
Q9BXE9	L285E	0.5599	ambiguous
Q9BXE9	L285F	0.1275	benign
Q9BXE9	L285G	0.597	pathogenic
Q9BXE9	L285H	0.3429	ambiguous
Q9BXE9	L285I	0.1199	benign
Q9BXE9	L285K	0.4342	ambiguous
Q9BXE9	L285M	0.1849	benign
Q9BXE9	L285N	0.5742	pathogenic
Q9BXE9	L285P	0.2911	benign
Q9BXE9	L285Q	0.299	benign
Q9BXE9	L285R	0.2764	benign
Q9BXE9	L285S	0.4725	ambiguous
Q9BXE9	L285T	0.3906	ambiguous
Q9BXE9	L285V	0.1322	benign
Q9BXE9	L285W	0.2656	benign
Q9BXE9	L285Y	0.4613	ambiguous
Q9BXE9	M286A	0.4304	ambiguous
Q9BXE9	M286C	0.661	pathogenic
Q9BXE9	M286D	0.7819	pathogenic
Q9BXE9	M286E	0.5797	pathogenic
Q9BXE9	M286F	0.2978	benign
Q9BXE9	M286G	0.5647	pathogenic
Q9BXE9	M286H	0.497	ambiguous
Q9BXE9	M286I	0.3492	ambiguous
Q9BXE9	M286K	0.2546	benign
Q9BXE9	M286L	0.1117	benign
Q9BXE9	M286N	0.5669	pathogenic
Q9BXE9	M286P	0.5429	ambiguous
Q9BXE9	M286Q	0.2998	benign
Q9BXE9	M286R	0.2274	benign
Q9BXE9	M286S	0.4666	ambiguous
Q9BXE9	M286T	0.3175	benign
Q9BXE9	M286V	0.1406	benign
Q9BXE9	M286W	0.4808	ambiguous
Q9BXE9	M286Y	0.5809	pathogenic
Q9BXE9	S287A	0.1281	benign
Q9BXE9	S287C	0.0976	benign
Q9BXE9	S287D	0.3261	benign
Q9BXE9	S287E	0.4264	ambiguous
Q9BXE9	S287F	0.2249	benign
Q9BXE9	S287G	0.0825	benign
Q9BXE9	S287H	0.2333	benign
Q9BXE9	S287I	0.149	benign
Q9BXE9	S287K	0.4564	ambiguous
Q9BXE9	S287L	0.1678	benign
Q9BXE9	S287M	0.2622	benign
Q9BXE9	S287N	0.1519	benign
Q9BXE9	S287P	0.2146	benign
Q9BXE9	S287Q	0.3667	ambiguous
Q9BXE9	S287R	0.3296	benign
Q9BXE9	S287T	0.1223	benign
Q9BXE9	S287V	0.207	benign
Q9BXE9	S287W	0.1792	benign
Q9BXE9	S287Y	0.1637	benign
Q9BXE9	R288A	0.2449	benign
Q9BXE9	R288C	0.1012	benign
Q9BXE9	R288D	0.2895	benign
Q9BXE9	R288E	0.2407	benign
Q9BXE9	R288F	0.2658	benign
Q9BXE9	R288G	0.1074	benign
Q9BXE9	R288H	0.0856	benign
Q9BXE9	R288I	0.1977	benign
Q9BXE9	R288K	0.1498	benign
Q9BXE9	R288L	0.1557	benign
Q9BXE9	R288M	0.2792	benign
Q9BXE9	R288N	0.277	benign
Q9BXE9	R288P	0.1889	benign
Q9BXE9	R288Q	0.0953	benign
Q9BXE9	R288S	0.1866	benign
Q9BXE9	R288T	0.1693	benign
Q9BXE9	R288V	0.2467	benign
Q9BXE9	R288W	0.1122	benign
Q9BXE9	R288Y	0.2121	benign
Q9BXE9	H289A	0.1838	benign
Q9BXE9	H289C	0.166	benign
Q9BXE9	H289D	0.067	benign
Q9BXE9	H289E	0.1729	benign
Q9BXE9	H289F	0.2356	benign
Q9BXE9	H289G	0.1822	benign
Q9BXE9	H289I	0.1894	benign
Q9BXE9	H289K	0.1978	benign
Q9BXE9	H289L	0.1048	benign
Q9BXE9	H289M	0.385	ambiguous
Q9BXE9	H289N	0.0774	benign
Q9BXE9	H289P	0.0893	benign
Q9BXE9	H289Q	0.1556	benign
Q9BXE9	H289R	0.1284	benign
Q9BXE9	H289S	0.1355	benign
Q9BXE9	H289T	0.1839	benign
Q9BXE9	H289V	0.1587	benign
Q9BXE9	H289W	0.3418	ambiguous
Q9BXE9	H289Y	0.0926	benign
Q9BXE9	P290A	0.0964	benign
Q9BXE9	P290C	0.2801	benign
Q9BXE9	P290D	0.2463	benign
Q9BXE9	P290E	0.2013	benign
Q9BXE9	P290F	0.2825	benign
Q9BXE9	P290G	0.1899	benign
Q9BXE9	P290H	0.1166	benign
Q9BXE9	P290I	0.2138	benign
Q9BXE9	P290K	0.1896	benign
Q9BXE9	P290L	0.11	benign
Q9BXE9	P290M	0.289	benign
Q9BXE9	P290N	0.237	benign
Q9BXE9	P290Q	0.1191	benign
Q9BXE9	P290R	0.1015	benign
Q9BXE9	P290S	0.1025	benign
Q9BXE9	P290T	0.0972	benign
Q9BXE9	P290V	0.1564	benign
Q9BXE9	P290W	0.3073	benign
Q9BXE9	P290Y	0.2431	benign
Q9BXE9	R291A	0.1548	benign
Q9BXE9	R291C	0.1125	benign
Q9BXE9	R291D	0.2226	benign
Q9BXE9	R291E	0.1787	benign
Q9BXE9	R291F	0.2484	benign
Q9BXE9	R291G	0.083	benign
Q9BXE9	R291H	0.0976	benign
Q9BXE9	R291I	0.133	benign
Q9BXE9	R291K	0.1151	benign
Q9BXE9	R291L	0.1244	benign
Q9BXE9	R291M	0.1819	benign
Q9BXE9	R291N	0.2429	benign
Q9BXE9	R291P	0.148	benign
Q9BXE9	R291Q	0.0944	benign
Q9BXE9	R291S	0.1708	benign
Q9BXE9	R291T	0.1252	benign
Q9BXE9	R291V	0.1606	benign
Q9BXE9	R291W	0.1259	benign
Q9BXE9	R291Y	0.2207	benign
Q9BXE9	I292A	0.3424	ambiguous
Q9BXE9	I292C	0.4828	ambiguous
Q9BXE9	I292D	0.3389	benign
Q9BXE9	I292E	0.3717	ambiguous
Q9BXE9	I292F	0.0821	benign
Q9BXE9	I292G	0.3773	ambiguous
Q9BXE9	I292H	0.2628	benign
Q9BXE9	I292K	0.2736	benign
Q9BXE9	I292L	0.0981	benign
Q9BXE9	I292M	0.1098	benign
Q9BXE9	I292N	0.1165	benign
Q9BXE9	I292P	0.3191	benign
Q9BXE9	I292Q	0.3108	benign
Q9BXE9	I292R	0.2018	benign
Q9BXE9	I292S	0.1737	benign
Q9BXE9	I292T	0.3131	benign
Q9BXE9	I292V	0.1316	benign
Q9BXE9	I292W	0.4293	ambiguous
Q9BXE9	I292Y	0.2177	benign
Q9BXE9	P293A	0.0956	benign
Q9BXE9	P293C	0.2346	benign
Q9BXE9	P293D	0.2732	benign
Q9BXE9	P293E	0.2258	benign
Q9BXE9	P293F	0.2235	benign
Q9BXE9	P293G	0.1828	benign
Q9BXE9	P293H	0.1177	benign
Q9BXE9	P293I	0.2103	benign
Q9BXE9	P293K	0.2078	benign
Q9BXE9	P293L	0.102	benign
Q9BXE9	P293M	0.2686	benign
Q9BXE9	P293N	0.2335	benign
Q9BXE9	P293Q	0.1247	benign
Q9BXE9	P293R	0.1053	benign
Q9BXE9	P293S	0.0946	benign
Q9BXE9	P293T	0.1002	benign
Q9BXE9	P293V	0.1583	benign
Q9BXE9	P293W	0.2545	benign
Q9BXE9	P293Y	0.2087	benign
Q9BXE9	R294A	0.1416	benign
Q9BXE9	R294C	0.1407	benign
Q9BXE9	R294D	0.2433	benign
Q9BXE9	R294E	0.1773	benign
Q9BXE9	R294F	0.1978	benign
Q9BXE9	R294G	0.0874	benign
Q9BXE9	R294H	0.1083	benign
Q9BXE9	R294I	0.1232	benign
Q9BXE9	R294K	0.1006	benign
Q9BXE9	R294L	0.1064	benign
Q9BXE9	R294M	0.154	benign
Q9BXE9	R294N	0.2325	benign
Q9BXE9	R294P	0.1253	benign
Q9BXE9	R294Q	0.0987	benign
Q9BXE9	R294S	0.1566	benign
Q9BXE9	R294T	0.1155	benign
Q9BXE9	R294V	0.1439	benign
Q9BXE9	R294W	0.118	benign
Q9BXE9	R294Y	0.202	benign
Q9BXE9	L295A	0.1127	benign
Q9BXE9	L295C	0.2595	benign
Q9BXE9	L295D	0.2723	benign
Q9BXE9	L295E	0.194	benign
Q9BXE9	L295F	0.0818	benign
Q9BXE9	L295G	0.1913	benign
Q9BXE9	L295H	0.1314	benign
Q9BXE9	L295I	0.0939	benign
Q9BXE9	L295K	0.1616	benign
Q9BXE9	L295M	0.1238	benign
Q9BXE9	L295N	0.2108	benign
Q9BXE9	L295P	0.065	benign
Q9BXE9	L295Q	0.1196	benign
Q9BXE9	L295R	0.1017	benign
Q9BXE9	L295S	0.1393	benign
Q9BXE9	L295T	0.1136	benign
Q9BXE9	L295V	0.0848	benign
Q9BXE9	L295W	0.1022	benign
Q9BXE9	L295Y	0.1845	benign
Q9BXE9	G296A	0.0909	benign
Q9BXE9	G296C	0.1037	benign
Q9BXE9	G296D	0.1306	benign
Q9BXE9	G296E	0.149	benign
Q9BXE9	G296F	0.2023	benign
Q9BXE9	G296H	0.1953	benign
Q9BXE9	G296I	0.1351	benign
Q9BXE9	G296K	0.2769	benign
Q9BXE9	G296L	0.188	benign
Q9BXE9	G296M	0.3125	benign
Q9BXE9	G296N	0.2316	benign
Q9BXE9	G296P	0.2108	benign
Q9BXE9	G296Q	0.2145	benign
Q9BXE9	G296R	0.1506	benign
Q9BXE9	G296S	0.1025	benign
Q9BXE9	G296T	0.1285	benign
Q9BXE9	G296V	0.0965	benign
Q9BXE9	G296W	0.145	benign
Q9BXE9	G296Y	0.1566	benign
Q9BXE9	S297A	0.074	benign
Q9BXE9	S297C	0.0785	benign
Q9BXE9	S297D	0.1935	benign
Q9BXE9	S297E	0.252	benign
Q9BXE9	S297F	0.0882	benign
Q9BXE9	S297G	0.0774	benign
Q9BXE9	S297H	0.1686	benign
Q9BXE9	S297I	0.1171	benign
Q9BXE9	S297K	0.3034	benign
Q9BXE9	S297L	0.0928	benign
Q9BXE9	S297M	0.1822	benign
Q9BXE9	S297N	0.1306	benign
Q9BXE9	S297P	0.0741	benign
Q9BXE9	S297Q	0.2651	benign
Q9BXE9	S297R	0.2077	benign
Q9BXE9	S297T	0.0847	benign
Q9BXE9	S297V	0.122	benign
Q9BXE9	S297W	0.1162	benign
Q9BXE9	S297Y	0.0869	benign
Q9BXE9	A298C	0.2611	benign
Q9BXE9	A298D	0.1466	benign
Q9BXE9	A298E	0.1959	benign
Q9BXE9	A298F	0.1446	benign
Q9BXE9	A298G	0.1004	benign
Q9BXE9	A298H	0.2398	benign
Q9BXE9	A298I	0.1424	benign
Q9BXE9	A298K	0.2777	benign
Q9BXE9	A298L	0.1197	benign
Q9BXE9	A298M	0.2048	benign
Q9BXE9	A298N	0.1844	benign
Q9BXE9	A298P	0.0844	benign
Q9BXE9	A298Q	0.241	benign
Q9BXE9	A298R	0.1789	benign
Q9BXE9	A298S	0.0907	benign
Q9BXE9	A298T	0.0806	benign
Q9BXE9	A298V	0.0889	benign
Q9BXE9	A298W	0.3348	benign
Q9BXE9	A298Y	0.2105	benign
Q9BXE9	C299A	0.1747	benign
Q9BXE9	C299D	0.2416	benign
Q9BXE9	C299E	0.4053	ambiguous
Q9BXE9	C299F	0.0743	benign
Q9BXE9	C299G	0.089	benign
Q9BXE9	C299H	0.1967	benign
Q9BXE9	C299I	0.2115	benign
Q9BXE9	C299K	0.3917	ambiguous
Q9BXE9	C299L	0.1781	benign
Q9BXE9	C299M	0.4182	ambiguous
Q9BXE9	C299N	0.2475	benign
Q9BXE9	C299P	0.206	benign
Q9BXE9	C299Q	0.2953	benign
Q9BXE9	C299R	0.1366	benign
Q9BXE9	C299S	0.1374	benign
Q9BXE9	C299T	0.2363	benign
Q9BXE9	C299V	0.1878	benign
Q9BXE9	C299W	0.1513	benign
Q9BXE9	C299Y	0.0995	benign
Q9BXE9	C300A	0.1794	benign
Q9BXE9	C300D	0.2205	benign
Q9BXE9	C300E	0.332	benign
Q9BXE9	C300F	0.0824	benign
Q9BXE9	C300G	0.0832	benign
Q9BXE9	C300H	0.1518	benign
Q9BXE9	C300I	0.2245	benign
Q9BXE9	C300K	0.296	benign
Q9BXE9	C300L	0.1703	benign
Q9BXE9	C300M	0.3885	ambiguous
Q9BXE9	C300N	0.2313	benign
Q9BXE9	C300P	0.2083	benign
Q9BXE9	C300Q	0.2159	benign
Q9BXE9	C300R	0.0977	benign
Q9BXE9	C300S	0.1357	benign
Q9BXE9	C300T	0.2087	benign
Q9BXE9	C300V	0.2049	benign
Q9BXE9	C300W	0.1301	benign
Q9BXE9	C300Y	0.0957	benign
Q9BXE9	G301A	0.112	benign
Q9BXE9	G301C	0.1392	benign
Q9BXE9	G301D	0.1371	benign
Q9BXE9	G301E	0.1153	benign
Q9BXE9	G301F	0.249	benign
Q9BXE9	G301H	0.1906	benign
Q9BXE9	G301I	0.1548	benign
Q9BXE9	G301K	0.1764	benign
Q9BXE9	G301L	0.1907	benign
Q9BXE9	G301M	0.2959	benign
Q9BXE9	G301N	0.2276	benign
Q9BXE9	G301P	0.2591	benign
Q9BXE9	G301Q	0.1538	benign
Q9BXE9	G301R	0.1006	benign
Q9BXE9	G301S	0.1067	benign
Q9BXE9	G301T	0.1354	benign
Q9BXE9	G301V	0.1095	benign
Q9BXE9	G301W	0.1387	benign
Q9BXE9	G301Y	0.1953	benign
Q9BXE9	R302A	0.1725	benign
Q9BXE9	R302C	0.1856	benign
Q9BXE9	R302D	0.2312	benign
Q9BXE9	R302E	0.1428	benign
Q9BXE9	R302F	0.2866	benign
Q9BXE9	R302G	0.0844	benign
Q9BXE9	R302H	0.1266	benign
Q9BXE9	R302I	0.1474	benign
Q9BXE9	R302K	0.0873	benign
Q9BXE9	R302L	0.147	benign
Q9BXE9	R302M	0.1709	benign
Q9BXE9	R302N	0.2502	benign
Q9BXE9	R302P	0.1557	benign
Q9BXE9	R302Q	0.0939	benign
Q9BXE9	R302S	0.1962	benign
Q9BXE9	R302T	0.1317	benign
Q9BXE9	R302V	0.1821	benign
Q9BXE9	R302W	0.1262	benign
Q9BXE9	R302Y	0.245	benign
Q9BXE9	N303A	0.1852	benign
Q9BXE9	N303C	0.2144	benign
Q9BXE9	N303D	0.1071	benign
Q9BXE9	N303E	0.1912	benign
Q9BXE9	N303F	0.2457	benign
Q9BXE9	N303G	0.2108	benign
Q9BXE9	N303H	0.0905	benign
Q9BXE9	N303I	0.1067	benign
Q9BXE9	N303K	0.1286	benign
Q9BXE9	N303L	0.143	benign
Q9BXE9	N303M	0.2171	benign
Q9BXE9	N303P	0.1957	benign
Q9BXE9	N303Q	0.1936	benign
Q9BXE9	N303R	0.1507	benign
Q9BXE9	N303S	0.1034	benign
Q9BXE9	N303T	0.1179	benign
Q9BXE9	N303V	0.1403	benign
Q9BXE9	N303W	0.4138	ambiguous
Q9BXE9	N303Y	0.0874	benign
Q9BXE9	P304A	0.0704	benign
Q9BXE9	P304C	0.1882	benign
Q9BXE9	P304D	0.1408	benign
Q9BXE9	P304E	0.1147	benign
Q9BXE9	P304F	0.1675	benign
Q9BXE9	P304G	0.12	benign
Q9BXE9	P304H	0.0892	benign
Q9BXE9	P304I	0.1134	benign
Q9BXE9	P304K	0.0967	benign
Q9BXE9	P304L	0.0753	benign
Q9BXE9	P304M	0.1638	benign
Q9BXE9	P304N	0.1326	benign
Q9BXE9	P304Q	0.0843	benign
Q9BXE9	P304R	0.0657	benign
Q9BXE9	P304S	0.0812	benign
Q9BXE9	P304T	0.0676	benign
Q9BXE9	P304V	0.0992	benign
Q9BXE9	P304W	0.2119	benign
Q9BXE9	P304Y	0.1473	benign
Q9BXE9	Q305A	0.1008	benign
Q9BXE9	Q305C	0.2561	benign
Q9BXE9	Q305D	0.1404	benign
Q9BXE9	Q305E	0.0725	benign
Q9BXE9	Q305F	0.2625	benign
Q9BXE9	Q305G	0.1126	benign
Q9BXE9	Q305H	0.1085	benign
Q9BXE9	Q305I	0.1509	benign
Q9BXE9	Q305K	0.081	benign
Q9BXE9	Q305L	0.083	benign
Q9BXE9	Q305M	0.2277	benign
Q9BXE9	Q305N	0.1507	benign
Q9BXE9	Q305P	0.0604	benign
Q9BXE9	Q305R	0.0647	benign
Q9BXE9	Q305S	0.1054	benign
Q9BXE9	Q305T	0.1079	benign
Q9BXE9	Q305V	0.1107	benign
Q9BXE9	Q305W	0.1995	benign
Q9BXE9	Q305Y	0.1824	benign
Q9BXE9	F306A	0.193	benign
Q9BXE9	F306C	0.1609	benign
Q9BXE9	F306D	0.1881	benign
Q9BXE9	F306E	0.2848	benign
Q9BXE9	F306G	0.2659	benign
Q9BXE9	F306H	0.2433	benign
Q9BXE9	F306I	0.0834	benign
Q9BXE9	F306K	0.2614	benign
Q9BXE9	F306L	0.4604	ambiguous
Q9BXE9	F306M	0.2909	benign
Q9BXE9	F306N	0.1658	benign
Q9BXE9	F306P	0.3391	benign
Q9BXE9	F306Q	0.2798	benign
Q9BXE9	F306R	0.2181	benign
Q9BXE9	F306S	0.1144	benign
Q9BXE9	F306T	0.1835	benign
Q9BXE9	F306V	0.1013	benign
Q9BXE9	F306W	0.243	benign
Q9BXE9	F306Y	0.0946	benign
Q9BXE9	P307A	0.1021	benign
Q9BXE9	P307C	0.2306	benign
Q9BXE9	P307D	0.2319	benign
Q9BXE9	P307E	0.1607	benign
Q9BXE9	P307F	0.2632	benign
Q9BXE9	P307G	0.1719	benign
Q9BXE9	P307H	0.1095	benign
Q9BXE9	P307I	0.2143	benign
Q9BXE9	P307K	0.1538	benign
Q9BXE9	P307L	0.1102	benign
Q9BXE9	P307M	0.2841	benign
Q9BXE9	P307N	0.2305	benign
Q9BXE9	P307Q	0.0991	benign
Q9BXE9	P307R	0.0817	benign
Q9BXE9	P307S	0.1047	benign
Q9BXE9	P307T	0.1073	benign
Q9BXE9	P307V	0.1696	benign
Q9BXE9	P307W	0.2403	benign
Q9BXE9	P307Y	0.2197	benign
Q9BXE9	K308A	0.1193	benign
Q9BXE9	K308C	0.2959	benign
Q9BXE9	K308D	0.1544	benign
Q9BXE9	K308E	0.0862	benign
Q9BXE9	K308F	0.2422	benign
Q9BXE9	K308G	0.1314	benign
Q9BXE9	K308H	0.1373	benign
Q9BXE9	K308I	0.1398	benign
Q9BXE9	K308L	0.1318	benign
Q9BXE9	K308M	0.1375	benign
Q9BXE9	K308N	0.1338	benign
Q9BXE9	K308P	0.1387	benign
Q9BXE9	K308Q	0.0921	benign
Q9BXE9	K308R	0.0609	benign
Q9BXE9	K308S	0.1411	benign
Q9BXE9	K308T	0.0949	benign
Q9BXE9	K308V	0.1261	benign
Q9BXE9	K308W	0.3591	ambiguous
Q9BXE9	K308Y	0.2049	benign
Q9BXE9	L309A	0.0943	benign
Q9BXE9	L309C	0.2535	benign
Q9BXE9	L309D	0.2021	benign
Q9BXE9	L309E	0.1289	benign
Q9BXE9	L309F	0.0871	benign
Q9BXE9	L309G	0.1663	benign
Q9BXE9	L309H	0.1268	benign
Q9BXE9	L309I	0.0845	benign
Q9BXE9	L309K	0.1112	benign
Q9BXE9	L309M	0.102	benign
Q9BXE9	L309N	0.153	benign
Q9BXE9	L309P	0.0773	benign
Q9BXE9	L309Q	0.0945	benign
Q9BXE9	L309R	0.0764	benign
Q9BXE9	L309S	0.1261	benign
Q9BXE9	L309T	0.0915	benign
Q9BXE9	L309V	0.0751	benign
Q9BXE9	L309W	0.1188	benign
Q9BXE9	L309Y	0.1706	benign
Q9BXE9	V310A	0.1116	benign
Q9BXE9	V310C	0.2762	benign
Q9BXE9	V310D	0.128	benign
Q9BXE9	V310E	0.1264	benign
Q9BXE9	V310F	0.0796	benign
Q9BXE9	V310G	0.0893	benign
Q9BXE9	V310H	0.1958	benign
Q9BXE9	V310I	0.0765	benign
Q9BXE9	V310K	0.1292	benign
Q9BXE9	V310L	0.0868	benign
Q9BXE9	V310M	0.1388	benign
Q9BXE9	V310N	0.1283	benign
Q9BXE9	V310P	0.1008	benign
Q9BXE9	V310Q	0.1148	benign
Q9BXE9	V310R	0.0825	benign
Q9BXE9	V310S	0.1068	benign
Q9BXE9	V310T	0.1304	benign
Q9BXE9	V310W	0.2801	benign
Q9BXE9	V310Y	0.1943	benign
Q9BXE9	R311A	0.2157	benign
Q9BXE9	R311C	0.1571	benign
Q9BXE9	R311D	0.3743	ambiguous
Q9BXE9	R311E	0.1815	benign
Q9BXE9	R311F	0.3495	ambiguous
Q9BXE9	R311G	0.1383	benign
Q9BXE9	R311H	0.1268	benign
Q9BXE9	R311I	0.2289	benign
Q9BXE9	R311K	0.1022	benign
Q9BXE9	R311L	0.122	benign
Q9BXE9	R311M	0.2011	benign
Q9BXE9	R311N	0.3134	benign
Q9BXE9	R311P	0.1873	benign
Q9BXE9	R311Q	0.1017	benign
Q9BXE9	R311S	0.281	benign
Q9BXE9	R311T	0.1843	benign
Q9BXE9	R311V	0.2473	benign
Q9BXE9	R311W	0.1482	benign
Q9BXE9	R311Y	0.2801	benign
